station_id,station_name,route_id,timestamp,hour_of_day,day_of_week,is_weekend,ridership_count,train_frequency,temperature,rainfall,weather_condition,event_flag,event_name,rolling_demand_3h,is_peak_hour,ridership_per_train,station_congestion_index,crowd_level,platform_crowd_level,boarding_time_category
GR19,Shivaji Park,Green Line,2024-01-01 00:00:00,0,0,0,0,0,12.6,0.0,Clear,1,New Year,0,0,0.0,0.0,low,1,Night
GR19,Shivaji Park,Green Line,2024-01-01 01:00:00,1,0,0,0,0,13.2,0.0,Clear,1,New Year,0,0,0.0,0.0,low,1,Night
GR19,Shivaji Park,Green Line,2024-01-01 02:00:00,2,0,0,0,0,11.5,0.0,Foggy,1,New Year,0,0,0.0,0.0,low,1,Night
GR19,Shivaji Park,Green Line,2024-01-01 03:00:00,3,0,0,0,0,13.3,0.0,Clear,1,New Year,0,0,0.0,0.0,low,1,Night
GR19,Shivaji Park,Green Line,2024-01-01 04:00:00,4,0,0,0,0,14.2,0.0,Clear,1,New Year,0,0,0.0,0.0,low,1,Night
GR19,Shivaji Park,Green Line,2024-01-01 05:00:00,5,0,0,0,0,12.9,0.0,Clear,1,New Year,0,0,0.0,0.0,low,1,Night
GR19,Shivaji Park,Green Line,2024-01-01 06:00:00,6,0,0,43,4,13.7,0.0,Clear,1,New Year,43,0,10.8,0.342,low,2,Night
GR19,Shivaji Park,Green Line,2024-01-01 07:00:00,7,0,0,168,6,17.7,0.0,Cloudy,1,New Year,211,0,28.0,0.886,high,5,Night
GR19,Shivaji Park,Green Line,2024-01-01 08:00:00,8,0,0,478,14,18.6,0.0,Clear,1,New Year,689,1,34.1,1.0,high,5,Morning Peak
GR19,Shivaji Park,Green Line,2024-01-01 09:00:00,9,0,0,577,14,18.5,0.0,Clear,1,New Year,1223,1,41.2,1.0,high,5,Morning Peak
GR19,Shivaji Park,Green Line,2024-01-01 10:00:00,10,0,0,367,14,18.5,0.0,Clear,1,New Year,1422,1,26.2,0.829,high,5,Morning Peak
GR19,Shivaji Park,Green Line,2024-01-01 11:00:00,11,0,0,250,7,17.5,0.0,Clear,1,New Year,1194,0,35.7,1.0,high,5,Mid Morning
GR19,Shivaji Park,Green Line,2024-01-01 12:00:00,12,0,0,265,7,18.0,0.0,Clear,1,New Year,882,0,37.9,1.0,high,5,Mid Morning
GR19,Shivaji Park,Green Line,2024-01-01 13:00:00,13,0,0,251,7,16.1,0.0,Clear,1,New Year,766,0,35.9,1.0,high,5,Mid Morning
GR19,Shivaji Park,Green Line,2024-01-01 14:00:00,14,0,0,222,7,14.7,0.0,Clear,1,New Year,738,0,31.7,1.0,high,5,Afternoon
GR19,Shivaji Park,Green Line,2024-01-01 15:00:00,15,0,0,244,7,12.4,0.0,Clear,1,New Year,717,0,34.9,1.0,high,5,Afternoon
GR19,Shivaji Park,Green Line,2024-01-01 16:00:00,16,0,0,310,7,12.0,0.0,Clear,1,New Year,776,0,44.3,1.0,high,5,Afternoon
GR19,Shivaji Park,Green Line,2024-01-01 17:00:00,17,0,0,492,13,12.6,0.0,Clear,1,New Year,1046,1,37.8,1.0,high,5,Evening Peak
GR19,Shivaji Park,Green Line,2024-01-01 18:00:00,18,0,0,534,13,11.8,0.0,Clear,1,New Year,1336,1,41.1,1.0,high,5,Evening Peak
GR19,Shivaji Park,Green Line,2024-01-01 19:00:00,19,0,0,513,13,9.4,0.0,Clear,1,New Year,1539,1,39.5,1.0,high,5,Evening Peak
GR19,Shivaji Park,Green Line,2024-01-01 20:00:00,20,0,0,364,13,9.6,0.0,Clear,1,New Year,1411,1,28.0,0.886,high,5,Evening Peak
GR19,Shivaji Park,Green Line,2024-01-01 21:00:00,21,0,0,155,5,8.6,0.0,Clear,1,New Year,1032,0,31.0,0.981,high,5,Night
GR19,Shivaji Park,Green Line,2024-01-01 22:00:00,22,0,0,72,5,10.3,0.0,Clear,1,New Year,591,0,14.4,0.456,medium,3,Night
GR19,Shivaji Park,Green Line,2024-01-01 23:00:00,23,0,0,21,0,10.5,0.0,Clear,1,New Year,248,0,0.0,0.0,low,1,Night
GR19,Shivaji Park,Green Line,2024-01-02 00:00:00,0,1,0,0,0,11.7,0.0,Foggy,0,,93,0,0.0,0.0,low,1,Night
GR19,Shivaji Park,Green Line,2024-01-02 01:00:00,1,1,0,0,0,11.4,0.0,Foggy,0,,21,0,0.0,0.0,low,1,Night
GR19,Shivaji Park,Green Line,2024-01-02 02:00:00,2,1,0,0,0,13.3,0.0,Clear,0,,0,0,0.0,0.0,low,1,Night
GR19,Shivaji Park,Green Line,2024-01-02 03:00:00,3,1,0,0,0,13.2,0.0,Clear,0,,0,0,0.0,0.0,low,1,Night
GR19,Shivaji Park,Green Line,2024-01-02 04:00:00,4,1,0,0,0,15.1,0.0,Clear,0,,0,0,0.0,0.0,low,1,Night
GR19,Shivaji Park,Green Line,2024-01-02 05:00:00,5,1,0,0,0,13.0,0.0,Clear,0,,0,0,0.0,0.0,low,1,Night
GR19,Shivaji Park,Green Line,2024-01-02 06:00:00,6,1,0,31,4,14.5,0.0,Clear,0,,31,0,7.8,0.247,low,2,Night
GR19,Shivaji Park,Green Line,2024-01-02 07:00:00,7,1,0,115,6,16.3,0.0,Clear,0,,146,0,19.2,0.608,medium,4,Night
GR19,Shivaji Park,Green Line,2024-01-02 08:00:00,8,1,0,382,14,17.4,0.0,Cloudy,0,,528,1,27.3,0.864,high,5,Morning Peak
GR19,Shivaji Park,Green Line,2024-01-02 09:00:00,9,1,0,432,14,18.4,0.0,Clear,0,,929,1,30.9,0.978,high,5,Morning Peak
GR19,Shivaji Park,Green Line,2024-01-02 10:00:00,10,1,0,278,14,20.4,0.0,Cloudy,0,,1092,1,19.9,0.63,medium,4,Morning Peak
GR19,Shivaji Park,Green Line,2024-01-02 11:00:00,11,1,0,205,7,19.8,0.0,Cloudy,0,,915,0,29.3,0.927,high,5,Mid Morning
GR19,Shivaji Park,Green Line,2024-01-02 12:00:00,12,1,0,211,7,18.2,0.0,Clear,0,,694,0,30.1,0.953,high,5,Mid Morning
GR19,Shivaji Park,Green Line,2024-01-02 13:00:00,13,1,0,181,7,16.1,0.0,Clear,0,,597,0,25.9,0.82,high,5,Mid Morning
GR19,Shivaji Park,Green Line,2024-01-02 14:00:00,14,1,0,168,7,14.6,0.0,Clear,0,,560,0,24.0,0.759,high,5,Afternoon
GR19,Shivaji Park,Green Line,2024-01-02 15:00:00,15,1,0,171,7,13.0,0.0,Clear,0,,520,0,24.4,0.772,high,5,Afternoon
GR19,Shivaji Park,Green Line,2024-01-02 16:00:00,16,1,0,212,7,11.6,0.0,Clear,0,,551,0,30.3,0.959,high,5,Afternoon
GR19,Shivaji Park,Green Line,2024-01-02 17:00:00,17,1,0,335,13,11.3,0.0,Clear,0,,718,1,25.8,0.816,high,5,Evening Peak
GR19,Shivaji Park,Green Line,2024-01-02 18:00:00,18,1,0,388,13,11.6,0.0,Clear,0,,935,1,29.8,0.943,high,5,Evening Peak
GR19,Shivaji Park,Green Line,2024-01-02 19:00:00,19,1,0,395,13,10.7,0.0,Clear,0,,1118,1,30.4,0.962,high,5,Evening Peak
GR19,Shivaji Park,Green Line,2024-01-02 20:00:00,20,1,0,271,13,11.3,0.0,Clear,0,,1054,1,20.8,0.658,high,4,Evening Peak
GR19,Shivaji Park,Green Line,2024-01-02 21:00:00,21,1,0,121,5,9.6,0.0,Clear,0,,787,0,24.2,0.766,high,5,Night
GR19,Shivaji Park,Green Line,2024-01-02 22:00:00,22,1,0,49,5,9.8,0.0,Clear,0,,441,0,9.8,0.31,low,2,Night
GR19,Shivaji Park,Green Line,2024-01-02 23:00:00,23,1,0,16,0,9.3,0.0,Clear,0,,186,0,0.0,0.0,low,1,Night
GR19,Shivaji Park,Green Line,2024-01-03 00:00:00,0,2,0,0,0,12.4,0.0,Clear,0,,65,0,0.0,0.0,low,1,Night
GR19,Shivaji Park,Green Line,2024-01-03 01:00:00,1,2,0,0,0,11.9,0.0,Foggy,0,,16,0,0.0,0.0,low,1,Night
GR19,Shivaji Park,Green Line,2024-01-03 02:00:00,2,2,0,0,0,13.5,0.0,Clear,0,,0,0,0.0,0.0,low,1,Night
GR19,Shivaji Park,Green Line,2024-01-03 03:00:00,3,2,0,0,0,14.1,0.0,Clear,0,,0,0,0.0,0.0,low,1,Night
GR19,Shivaji Park,Green Line,2024-01-03 04:00:00,4,2,0,0,0,13.3,0.0,Clear,0,,0,0,0.0,0.0,low,1,Night
GR19,Shivaji Park,Green Line,2024-01-03 05:00:00,5,2,0,0,0,10.3,0.0,Foggy,0,,0,0,0.0,0.0,low,1,Night
GR19,Shivaji Park,Green Line,2024-01-03 06:00:00,6,2,0,33,4,14.7,0.0,Cloudy,0,,33,0,8.2,0.259,low,2,Night
GR19,Shivaji Park,Green Line,2024-01-03 07:00:00,7,2,0,112,6,16.2,0.0,Clear,0,,145,0,18.7,0.592,medium,4,Night
GR19,Shivaji Park,Green Line,2024-01-03 08:00:00,8,2,0,375,14,16.0,0.0,Clear,0,,520,1,26.8,0.848,high,5,Morning Peak
GR19,Shivaji Park,Green Line,2024-01-03 09:00:00,9,2,0,401,14,19.3,0.0,Clear,0,,888,1,28.6,0.905,high,5,Morning Peak
GR19,Shivaji Park,Green Line,2024-01-03 10:00:00,10,2,0,270,14,18.1,0.0,Clear,0,,1046,1,19.3,0.611,medium,4,Morning Peak
GR19,Shivaji Park,Green Line,2024-01-03 11:00:00,11,2,0,210,7,17.9,0.0,Clear,0,,881,0,30.0,0.949,high,5,Mid Morning
GR19,Shivaji Park,Green Line,2024-01-03 12:00:00,12,2,0,212,7,18.4,0.0,Clear,0,,692,0,30.3,0.959,high,5,Mid Morning
GR19,Shivaji Park,Green Line,2024-01-03 13:00:00,13,2,0,183,7,16.5,0.0,Clear,0,,605,0,26.1,0.826,high,5,Mid Morning
GR19,Shivaji Park,Green Line,2024-01-03 14:00:00,14,2,0,163,7,14.9,0.0,Clear,0,,558,0,23.3,0.737,high,4,Afternoon
GR19,Shivaji Park,Green Line,2024-01-03 15:00:00,15,2,0,170,7,12.6,0.0,Clear,0,,516,0,24.3,0.769,high,5,Afternoon
GR19,Shivaji Park,Green Line,2024-01-03 16:00:00,16,2,0,224,7,11.3,0.0,Clear,0,,557,0,32.0,1.0,high,5,Afternoon
GR19,Shivaji Park,Green Line,2024-01-03 17:00:00,17,2,0,359,13,10.7,0.0,Clear,0,,753,1,27.6,0.873,high,5,Evening Peak
GR19,Shivaji Park,Green Line,2024-01-03 18:00:00,18,2,0,391,13,11.1,0.0,Clear,0,,974,1,30.1,0.953,high,5,Evening Peak
GR19,Shivaji Park,Green Line,2024-01-03 19:00:00,19,2,0,382,13,11.5,0.0,Cloudy,0,,1132,1,29.4,0.93,high,5,Evening Peak
GR19,Shivaji Park,Green Line,2024-01-03 20:00:00,20,2,0,277,13,10.0,0.0,Clear,0,,1050,1,21.3,0.674,high,4,Evening Peak
GR19,Shivaji Park,Green Line,2024-01-03 21:00:00,21,2,0,111,5,7.6,0.0,Clear,0,,770,0,22.2,0.703,high,4,Night
GR19,Shivaji Park,Green Line,2024-01-03 22:00:00,22,2,0,50,5,10.0,0.0,Clear,0,,438,0,10.0,0.316,low,2,Night
GR19,Shivaji Park,Green Line,2024-01-03 23:00:00,23,2,0,16,0,9.9,0.0,Clear,0,,177,0,0.0,0.0,low,1,Night
GR19,Shivaji Park,Green Line,2024-01-04 00:00:00,0,3,0,0,0,13.1,0.0,Clear,0,,66,0,0.0,0.0,low,1,Night
GR19,Shivaji Park,Green Line,2024-01-04 01:00:00,1,3,0,0,0,14.5,0.0,Clear,0,,16,0,0.0,0.0,low,1,Night
GR19,Shivaji Park,Green Line,2024-01-04 02:00:00,2,3,0,0,0,11.8,0.0,Foggy,0,,0,0,0.0,0.0,low,1,Night
GR19,Shivaji Park,Green Line,2024-01-04 03:00:00,3,3,0,0,0,13.6,0.0,Clear,0,,0,0,0.0,0.0,low,1,Night
GR19,Shivaji Park,Green Line,2024-01-04 04:00:00,4,3,0,0,0,14.4,0.0,Clear,0,,0,0,0.0,0.0,low,1,Night
GR19,Shivaji Park,Green Line,2024-01-04 05:00:00,5,3,0,0,0,13.3,0.0,Clear,0,,0,0,0.0,0.0,low,1,Night
GR19,Shivaji Park,Green Line,2024-01-04 06:00:00,6,3,0,30,4,13.6,0.0,Clear,0,,30,0,7.5,0.237,low,2,Night
GR19,Shivaji Park,Green Line,2024-01-04 07:00:00,7,3,0,123,6,16.3,0.0,Clear,0,,153,0,20.5,0.649,medium,4,Night
GR19,Shivaji Park,Green Line,2024-01-04 08:00:00,8,3,0,376,14,18.9,0.0,Clear,0,,529,1,26.9,0.851,high,5,Morning Peak
GR19,Shivaji Park,Green Line,2024-01-04 09:00:00,9,3,0,412,14,21.2,0.0,Clear,0,,911,1,29.4,0.93,high,5,Morning Peak
GR19,Shivaji Park,Green Line,2024-01-04 10:00:00,10,3,0,279,14,19.8,0.0,Clear,0,,1067,1,19.9,0.63,medium,4,Morning Peak
GR19,Shivaji Park,Green Line,2024-01-04 11:00:00,11,3,0,185,7,21.6,0.0,Clear,0,,876,0,26.4,0.835,high,5,Mid Morning
GR19,Shivaji Park,Green Line,2024-01-04 12:00:00,12,3,0,208,7,19.3,0.0,Clear,0,,672,0,29.7,0.94,high,5,Mid Morning
GR19,Shivaji Park,Green Line,2024-01-04 13:00:00,13,3,0,193,7,17.4,0.0,Clear,0,,586,0,27.6,0.873,high,5,Mid Morning
GR19,Shivaji Park,Green Line,2024-01-04 14:00:00,14,3,0,168,7,13.5,0.0,Clear,0,,569,0,24.0,0.759,high,5,Afternoon
GR19,Shivaji Park,Green Line,2024-01-04 15:00:00,15,3,0,171,7,13.1,0.0,Clear,0,,532,0,24.4,0.772,high,5,Afternoon
GR19,Shivaji Park,Green Line,2024-01-04 16:00:00,16,3,0,232,7,11.6,0.0,Cloudy,0,,571,0,33.1,1.0,high,5,Afternoon
GR19,Shivaji Park,Green Line,2024-01-04 17:00:00,17,3,0,321,13,12.0,0.0,Clear,0,,724,1,24.7,0.782,high,5,Evening Peak
GR19,Shivaji Park,Green Line,2024-01-04 18:00:00,18,3,0,381,13,11.2,0.0,Clear,0,,934,1,29.3,0.927,high,5,Evening Peak
GR19,Shivaji Park,Green Line,2024-01-04 19:00:00,19,3,0,340,13,11.4,0.0,Clear,0,,1042,1,26.2,0.829,high,5,Evening Peak
GR19,Shivaji Park,Green Line,2024-01-04 20:00:00,20,3,0,258,13,9.0,0.0,Clear,0,,979,1,19.8,0.627,medium,4,Evening Peak
GR19,Shivaji Park,Green Line,2024-01-04 21:00:00,21,3,0,114,5,9.4,0.0,Clear,0,,712,0,22.8,0.722,high,4,Night
GR19,Shivaji Park,Green Line,2024-01-04 22:00:00,22,3,0,53,5,9.6,0.0,Clear,0,,425,0,10.6,0.335,low,2,Night
GR19,Shivaji Park,Green Line,2024-01-04 23:00:00,23,3,0,15,0,10.1,0.0,Clear,0,,182,0,0.0,0.0,low,1,Night
GR19,Shivaji Park,Green Line,2024-01-05 00:00:00,0,4,0,0,0,13.0,0.0,Clear,0,,68,0,0.0,0.0,low,1,Night
GR19,Shivaji Park,Green Line,2024-01-05 01:00:00,1,4,0,0,0,12.0,0.0,Clear,0,,15,0,0.0,0.0,low,1,Night
GR19,Shivaji Park,Green Line,2024-01-05 02:00:00,2,4,0,0,0,13.7,0.0,Clear,0,,0,0,0.0,0.0,low,1,Night
GR19,Shivaji Park,Green Line,2024-01-05 03:00:00,3,4,0,0,0,13.8,0.0,Clear,0,,0,0,0.0,0.0,low,1,Night
GR19,Shivaji Park,Green Line,2024-01-05 04:00:00,4,4,0,0,0,15.5,0.0,Clear,0,,0,0,0.0,0.0,low,1,Night
GR19,Shivaji Park,Green Line,2024-01-05 05:00:00,5,4,0,0,0,12.0,0.0,Clear,0,,0,0,0.0,0.0,low,1,Night
GR19,Shivaji Park,Green Line,2024-01-05 06:00:00,6,4,0,32,4,13.9,0.0,Clear,0,,32,0,8.0,0.253,low,2,Night
GR19,Shivaji Park,Green Line,2024-01-05 07:00:00,7,4,0,117,6,17.2,0.0,Clear,0,,149,0,19.5,0.617,medium,4,Night
GR19,Shivaji Park,Green Line,2024-01-05 08:00:00,8,4,0,339,14,17.1,0.0,Clear,0,,488,1,24.2,0.766,high,5,Morning Peak
GR19,Shivaji Park,Green Line,2024-01-05 09:00:00,9,4,0,404,14,19.6,0.0,Cloudy,0,,860,1,28.9,0.915,high,5,Morning Peak
GR19,Shivaji Park,Green Line,2024-01-05 10:00:00,10,4,0,309,14,19.2,0.0,Clear,0,,1052,1,22.1,0.699,high,4,Morning Peak
GR19,Shivaji Park,Green Line,2024-01-05 11:00:00,11,4,0,199,7,20.4,0.0,Clear,0,,912,0,28.4,0.899,high,5,Mid Morning
GR19,Shivaji Park,Green Line,2024-01-05 12:00:00,12,4,0,196,7,18.5,0.2,Light Rain,0,,704,0,28.0,0.886,high,5,Mid Morning
GR19,Shivaji Park,Green Line,2024-01-05 13:00:00,13,4,0,167,7,15.8,0.7,Light Rain,0,,562,0,23.9,0.756,high,5,Mid Morning
GR19,Shivaji Park,Green Line,2024-01-05 14:00:00,14,4,0,166,7,16.1,0.6,Light Rain,0,,529,0,23.7,0.75,high,5,Afternoon
GR19,Shivaji Park,Green Line,2024-01-05 15:00:00,15,4,0,183,7,11.6,0.9,Light Rain,0,,516,0,26.1,0.826,high,5,Afternoon
GR19,Shivaji Park,Green Line,2024-01-05 16:00:00,16,4,0,201,7,13.4,0.6,Light Rain,0,,550,0,28.7,0.908,high,5,Afternoon
GR19,Shivaji Park,Green Line,2024-01-05 17:00:00,17,4,0,354,13,11.5,0.5,Light Rain,0,,738,1,27.2,0.861,high,5,Evening Peak
GR19,Shivaji Park,Green Line,2024-01-05 18:00:00,18,4,0,408,13,10.9,0.5,Light Rain,0,,963,1,31.4,0.994,high,5,Evening Peak
GR19,Shivaji Park,Green Line,2024-01-05 19:00:00,19,4,0,360,13,12.1,0.7,Light Rain,0,,1122,1,27.7,0.877,high,5,Evening Peak
GR19,Shivaji Park,Green Line,2024-01-05 20:00:00,20,4,0,254,13,10.9,0.8,Light Rain,0,,1022,1,19.5,0.617,medium,4,Evening Peak
GR19,Shivaji Park,Green Line,2024-01-05 21:00:00,21,4,0,111,5,11.2,0.0,Clear,0,,725,0,22.2,0.703,high,4,Night
GR19,Shivaji Park,Green Line,2024-01-05 22:00:00,22,4,0,50,5,11.7,0.0,Clear,0,,415,0,10.0,0.316,low,2,Night
GR19,Shivaji Park,Green Line,2024-01-05 23:00:00,23,4,0,16,0,10.7,0.0,Clear,0,,177,0,0.0,0.0,low,1,Night
GR19,Shivaji Park,Green Line,2024-01-06 00:00:00,0,5,1,0,0,13.2,0.0,Clear,0,,66,0,0.0,0.0,low,1,Night
GR19,Shivaji Park,Green Line,2024-01-06 01:00:00,1,5,1,0,0,12.0,0.0,Clear,0,,16,0,0.0,0.0,low,1,Night
GR19,Shivaji Park,Green Line,2024-01-06 02:00:00,2,5,1,0,0,14.2,0.0,Clear,0,,0,0,0.0,0.0,low,1,Night
GR19,Shivaji Park,Green Line,2024-01-06 03:00:00,3,5,1,0,0,12.6,0.0,Clear,0,,0,0,0.0,0.0,low,1,Night
GR19,Shivaji Park,Green Line,2024-01-06 04:00:00,4,5,1,0,0,15.0,0.0,Clear,0,,0,0,0.0,0.0,low,1,Night
GR19,Shivaji Park,Green Line,2024-01-06 05:00:00,5,5,1,0,0,12.1,0.0,Clear,0,,0,0,0.0,0.0,low,1,Night
GR19,Shivaji Park,Green Line,2024-01-06 06:00:00,6,5,1,24,4,16.7,0.0,Clear,0,,24,0,6.0,0.19,low,2,Night
GR19,Shivaji Park,Green Line,2024-01-06 07:00:00,7,5,1,89,6,17.3,0.0,Clear,0,,113,0,14.8,0.468,medium,3,Night
GR19,Shivaji Park,Green Line,2024-01-06 08:00:00,8,5,1,260,14,18.9,0.0,Clear,0,,373,1,18.6,0.589,medium,4,Morning Peak
GR19,Shivaji Park,Green Line,2024-01-06 09:00:00,9,5,1,291,14,18.7,0.0,Clear,0,,640,1,20.8,0.658,high,4,Morning Peak
GR19,Shivaji Park,Green Line,2024-01-06 10:00:00,10,5,1,194,14,19.1,0.0,Clear,0,,745,1,13.9,0.44,medium,3,Morning Peak
GR19,Shivaji Park,Green Line,2024-01-06 11:00:00,11,5,1,139,7,19.8,0.0,Clear,0,,624,0,19.9,0.63,medium,4,Mid Morning
GR19,Shivaji Park,Green Line,2024-01-06 12:00:00,12,5,1,146,7,18.6,0.4,Light Rain,0,,479,0,20.9,0.661,high,4,Mid Morning
GR19,Shivaji Park,Green Line,2024-01-06 13:00:00,13,5,1,113,7,18.6,0.3,Light Rain,0,,398,0,16.1,0.509,medium,3,Mid Morning
GR19,Shivaji Park,Green Line,2024-01-06 14:00:00,14,5,1,107,7,15.5,0.4,Light Rain,0,,366,0,15.3,0.484,medium,3,Afternoon
GR19,Shivaji Park,Green Line,2024-01-06 15:00:00,15,5,1,124,7,13.3,0.2,Light Rain,0,,344,0,17.7,0.56,medium,4,Afternoon
GR19,Shivaji Park,Green Line,2024-01-06 16:00:00,16,5,1,162,7,13.1,0.3,Light Rain,0,,393,0,23.1,0.731,high,4,Afternoon
GR19,Shivaji Park,Green Line,2024-01-06 17:00:00,17,5,1,237,13,11.5,0.3,Light Rain,0,,523,1,18.2,0.576,medium,4,Evening Peak
GR19,Shivaji Park,Green Line,2024-01-06 18:00:00,18,5,1,260,13,11.7,0.1,Light Rain,0,,659,1,20.0,0.633,medium,4,Evening Peak
GR19,Shivaji Park,Green Line,2024-01-06 19:00:00,19,5,1,270,13,10.7,0.3,Light Rain,0,,767,1,20.8,0.658,high,4,Evening Peak
GR19,Shivaji Park,Green Line,2024-01-06 20:00:00,20,5,1,194,13,11.0,0.2,Light Rain,0,,724,1,14.9,0.472,medium,3,Evening Peak
GR19,Shivaji Park,Green Line,2024-01-06 21:00:00,21,5,1,84,5,10.5,0.0,Cloudy,0,,548,0,16.8,0.532,medium,3,Night
GR19,Shivaji Park,Green Line,2024-01-06 22:00:00,22,5,1,38,5,12.5,0.0,Clear,0,,316,0,7.6,0.241,low,2,Night
GR19,Shivaji Park,Green Line,2024-01-06 23:00:00,23,5,1,11,0,11.4,0.0,Clear,0,,133,0,0.0,0.0,low,1,Night
GR19,Shivaji Park,Green Line,2024-01-07 00:00:00,0,6,1,0,0,10.1,0.0,Foggy,0,,49,0,0.0,0.0,low,1,Night
GR19,Shivaji Park,Green Line,2024-01-07 01:00:00,1,6,1,0,0,16.1,0.0,Clear,0,,11,0,0.0,0.0,low,1,Night
GR19,Shivaji Park,Green Line,2024-01-07 02:00:00,2,6,1,0,0,13.4,0.0,Clear,0,,0,0,0.0,0.0,low,1,Night
GR19,Shivaji Park,Green Line,2024-01-07 03:00:00,3,6,1,0,0,15.7,0.0,Clear,0,,0,0,0.0,0.0,low,1,Night
GR19,Shivaji Park,Green Line,2024-01-07 04:00:00,4,6,1,0,0,14.1,0.0,Clear,0,,0,0,0.0,0.0,low,1,Night
GR19,Shivaji Park,Green Line,2024-01-07 05:00:00,5,6,1,0,0,13.6,0.0,Clear,0,,0,0,0.0,0.0,low,1,Night
GR19,Shivaji Park,Green Line,2024-01-07 06:00:00,6,6,1,22,4,16.2,0.0,Cloudy,0,,22,0,5.5,0.174,low,2,Night
GR19,Shivaji Park,Green Line,2024-01-07 07:00:00,7,6,1,89,6,17.0,0.0,Clear,0,,111,0,14.8,0.468,medium,3,Night
GR19,Shivaji Park,Green Line,2024-01-07 08:00:00,8,6,1,264,14,18.5,0.0,Clear,0,,375,1,18.9,0.598,medium,4,Morning Peak
GR19,Shivaji Park,Green Line,2024-01-07 09:00:00,9,6,1,318,14,20.4,0.0,Clear,0,,671,1,22.7,0.718,high,4,Morning Peak
GR19,Shivaji Park,Green Line,2024-01-07 10:00:00,10,6,1,207,14,20.7,0.0,Clear,0,,789,1,14.8,0.468,medium,3,Morning Peak
GR19,Shivaji Park,Green Line,2024-01-07 11:00:00,11,6,1,148,7,18.4,0.0,Clear,0,,673,0,21.1,0.668,high,4,Mid Morning
GR19,Shivaji Park,Green Line,2024-01-07 12:00:00,12,6,1,154,7,20.0,0.0,Clear,0,,509,0,22.0,0.696,high,4,Mid Morning
GR19,Shivaji Park,Green Line,2024-01-07 13:00:00,13,6,1,125,7,18.2,0.0,Clear,0,,427,0,17.9,0.566,medium,4,Mid Morning
GR19,Shivaji Park,Green Line,2024-01-07 14:00:00,14,6,1,129,7,15.4,0.0,Clear,0,,408,0,18.4,0.582,medium,4,Afternoon
GR19,Shivaji Park,Green Line,2024-01-07 15:00:00,15,6,1,134,7,12.6,0.0,Clear,0,,388,0,19.1,0.604,medium,4,Afternoon
GR19,Shivaji Park,Green Line,2024-01-07 16:00:00,16,6,1,150,7,12.8,0.0,Cloudy,0,,413,0,21.4,0.677,high,4,Afternoon
GR19,Shivaji Park,Green Line,2024-01-07 17:00:00,17,6,1,254,13,11.7,0.0,Clear,0,,538,1,19.5,0.617,medium,4,Evening Peak
GR19,Shivaji Park,Green Line,2024-01-07 18:00:00,18,6,1,304,13,11.3,0.0,Clear,0,,708,1,23.4,0.741,high,4,Evening Peak
GR19,Shivaji Park,Green Line,2024-01-07 19:00:00,19,6,1,248,13,11.5,0.0,Clear,0,,806,1,19.1,0.604,medium,4,Evening Peak
GR19,Shivaji Park,Green Line,2024-01-07 20:00:00,20,6,1,181,13,10.2,0.0,Clear,0,,733,1,13.9,0.44,medium,3,Evening Peak
GR19,Shivaji Park,Green Line,2024-01-07 21:00:00,21,6,1,92,5,10.3,0.0,Clear,0,,521,0,18.4,0.582,medium,4,Night
GR19,Shivaji Park,Green Line,2024-01-07 22:00:00,22,6,1,38,5,11.5,0.0,Clear,0,,311,0,7.6,0.241,low,2,Night
GR19,Shivaji Park,Green Line,2024-01-07 23:00:00,23,6,1,12,0,10.3,0.0,Clear,0,,142,0,0.0,0.0,low,1,Night
GR19,Shivaji Park,Green Line,2024-01-08 00:00:00,0,0,0,0,0,13.2,0.0,Clear,0,,50,0,0.0,0.0,low,1,Night
GR19,Shivaji Park,Green Line,2024-01-08 01:00:00,1,0,0,0,0,14.3,0.0,Clear,0,,12,0,0.0,0.0,low,1,Night
GR19,Shivaji Park,Green Line,2024-01-08 02:00:00,2,0,0,0,0,14.7,0.0,Clear,0,,0,0,0.0,0.0,low,1,Night
GR19,Shivaji Park,Green Line,2024-01-08 03:00:00,3,0,0,0,0,14.8,0.0,Clear,0,,0,0,0.0,0.0,low,1,Night
GR19,Shivaji Park,Green Line,2024-01-08 04:00:00,4,0,0,0,0,15.9,0.0,Clear,0,,0,0,0.0,0.0,low,1,Night
GR19,Shivaji Park,Green Line,2024-01-08 05:00:00,5,0,0,0,0,12.2,0.0,Clear,0,,0,0,0.0,0.0,low,1,Night
GR19,Shivaji Park,Green Line,2024-01-08 06:00:00,6,0,0,33,4,14.4,0.0,Clear,0,,33,0,8.2,0.259,low,2,Night
GR19,Shivaji Park,Green Line,2024-01-08 07:00:00,7,0,0,120,6,16.6,0.0,Clear,0,,153,0,20.0,0.633,medium,4,Night
GR19,Shivaji Park,Green Line,2024-01-08 08:00:00,8,0,0,343,14,18.1,0.0,Clear,0,,496,1,24.5,0.775,high,5,Morning Peak
GR19,Shivaji Park,Green Line,2024-01-08 09:00:00,9,0,0,399,14,20.3,0.0,Clear,0,,862,1,28.5,0.902,high,5,Morning Peak
GR19,Shivaji Park,Green Line,2024-01-08 10:00:00,10,0,0,290,14,21.6,0.0,Clear,0,,1032,1,20.7,0.655,high,4,Morning Peak
GR19,Shivaji Park,Green Line,2024-01-08 11:00:00,11,0,0,213,7,19.8,0.0,Clear,0,,902,0,30.4,0.962,high,5,Mid Morning
GR19,Shivaji Park,Green Line,2024-01-08 12:00:00,12,0,0,213,7,20.1,0.0,Clear,0,,716,0,30.4,0.962,high,5,Mid Morning
GR19,Shivaji Park,Green Line,2024-01-08 13:00:00,13,0,0,194,7,16.6,0.0,Clear,0,,620,0,27.7,0.877,high,5,Mid Morning
GR19,Shivaji Park,Green Line,2024-01-08 14:00:00,14,0,0,174,7,15.1,0.0,Clear,0,,581,0,24.9,0.788,high,5,Afternoon
GR19,Shivaji Park,Green Line,2024-01-08 15:00:00,15,0,0,193,7,14.0,0.0,Clear,0,,561,0,27.6,0.873,high,5,Afternoon
GR19,Shivaji Park,Green Line,2024-01-08 16:00:00,16,0,0,205,7,11.9,0.0,Clear,0,,572,0,29.3,0.927,high,5,Afternoon
GR19,Shivaji Park,Green Line,2024-01-08 17:00:00,17,0,0,371,13,12.0,0.0,Clear,0,,769,1,28.5,0.902,high,5,Evening Peak
GR19,Shivaji Park,Green Line,2024-01-08 18:00:00,18,0,0,381,13,11.6,0.0,Clear,0,,957,1,29.3,0.927,high,5,Evening Peak
GR19,Shivaji Park,Green Line,2024-01-08 19:00:00,19,0,0,374,13,11.6,0.0,Cloudy,0,,1126,1,28.8,0.911,high,5,Evening Peak
GR19,Shivaji Park,Green Line,2024-01-08 20:00:00,20,0,0,290,13,11.4,0.0,Clear,0,,1045,1,22.3,0.706,high,4,Evening Peak
GR19,Shivaji Park,Green Line,2024-01-08 21:00:00,21,0,0,117,5,11.8,0.0,Clear,0,,781,0,23.4,0.741,high,4,Night
GR19,Shivaji Park,Green Line,2024-01-08 22:00:00,22,0,0,49,5,8.7,0.0,Clear,0,,456,0,9.8,0.31,low,2,Night
GR19,Shivaji Park,Green Line,2024-01-08 23:00:00,23,0,0,15,0,11.2,0.0,Clear,0,,181,0,0.0,0.0,low,1,Night
GR19,Shivaji Park,Green Line,2024-01-09 00:00:00,0,1,0,0,0,12.2,0.0,Clear,0,,64,0,0.0,0.0,low,1,Night
GR19,Shivaji Park,Green Line,2024-01-09 01:00:00,1,1,0,0,0,15.2,0.0,Clear,0,,15,0,0.0,0.0,low,1,Night
GR19,Shivaji Park,Green Line,2024-01-09 02:00:00,2,1,0,0,0,13.9,0.0,Clear,0,,0,0,0.0,0.0,low,1,Night
GR19,Shivaji Park,Green Line,2024-01-09 03:00:00,3,1,0,0,0,14.4,0.0,Clear,0,,0,0,0.0,0.0,low,1,Night
GR19,Shivaji Park,Green Line,2024-01-09 04:00:00,4,1,0,0,0,15.8,0.0,Clear,0,,0,0,0.0,0.0,low,1,Night
GR19,Shivaji Park,Green Line,2024-01-09 05:00:00,5,1,0,0,0,16.5,0.0,Clear,0,,0,0,0.0,0.0,low,1,Night
GR19,Shivaji Park,Green Line,2024-01-09 06:00:00,6,1,0,33,4,15.8,0.0,Clear,0,,33,0,8.2,0.259,low,2,Night
GR19,Shivaji Park,Green Line,2024-01-09 07:00:00,7,1,0,118,6,18.8,0.0,Clear,0,,151,0,19.7,0.623,medium,4,Night
GR19,Shivaji Park,Green Line,2024-01-09 08:00:00,8,1,0,339,14,19.2,0.0,Cloudy,0,,490,1,24.2,0.766,high,5,Morning Peak
GR19,Shivaji Park,Green Line,2024-01-09 09:00:00,9,1,0,461,14,20.2,0.0,Clear,0,,918,1,32.9,1.0,high,5,Morning Peak
GR19,Shivaji Park,Green Line,2024-01-09 10:00:00,10,1,0,294,14,19.5,0.0,Clear,0,,1094,1,21.0,0.665,high,4,Morning Peak
GR19,Shivaji Park,Green Line,2024-01-09 11:00:00,11,1,0,215,7,19.2,0.0,Clear,0,,970,0,30.7,0.972,high,5,Mid Morning
GR19,Shivaji Park,Green Line,2024-01-09 12:00:00,12,1,0,209,7,20.1,0.0,Clear,0,,718,0,29.9,0.946,high,5,Mid Morning
GR19,Shivaji Park,Green Line,2024-01-09 13:00:00,13,1,0,175,7,17.6,0.0,Clear,0,,599,0,25.0,0.791,high,5,Mid Morning
GR19,Shivaji Park,Green Line,2024-01-09 14:00:00,14,1,0,174,7,15.8,0.0,Clear,0,,558,0,24.9,0.788,high,5,Afternoon
GR19,Shivaji Park,Green Line,2024-01-09 15:00:00,15,1,0,177,7,13.5,0.0,Clear,0,,526,0,25.3,0.801,high,5,Afternoon
GR19,Shivaji Park,Green Line,2024-01-09 16:00:00,16,1,0,229,7,12.8,0.0,Clear,0,,580,0,32.7,1.0,high,5,Afternoon
GR19,Shivaji Park,Green Line,2024-01-09 17:00:00,17,1,0,366,13,12.4,0.0,Clear,0,,772,1,28.2,0.892,high,5,Evening Peak
GR19,Shivaji Park,Green Line,2024-01-09 18:00:00,18,1,0,413,13,13.3,0.0,Clear,0,,1008,1,31.8,1.0,high,5,Evening Peak
GR19,Shivaji Park,Green Line,2024-01-09 19:00:00,19,1,0,369,13,12.3,0.0,Clear,0,,1148,1,28.4,0.899,high,5,Evening Peak
GR19,Shivaji Park,Green Line,2024-01-09 20:00:00,20,1,0,287,13,12.3,0.0,Clear,0,,1069,1,22.1,0.699,high,4,Evening Peak
GR19,Shivaji Park,Green Line,2024-01-09 21:00:00,21,1,0,123,5,11.9,0.0,Clear,0,,779,0,24.6,0.778,high,5,Night
GR19,Shivaji Park,Green Line,2024-01-09 22:00:00,22,1,0,53,5,10.9,0.0,Clear,0,,463,0,10.6,0.335,low,2,Night
GR19,Shivaji Park,Green Line,2024-01-09 23:00:00,23,1,0,17,0,11.4,0.0,Clear,0,,193,0,0.0,0.0,low,1,Night
GR19,Shivaji Park,Green Line,2024-01-10 00:00:00,0,2,0,0,0,12.8,0.0,Clear,0,,70,0,0.0,0.0,low,1,Night
GR19,Shivaji Park,Green Line,2024-01-10 01:00:00,1,2,0,0,0,13.7,0.0,Clear,0,,17,0,0.0,0.0,low,1,Night
GR19,Shivaji Park,Green Line,2024-01-10 02:00:00,2,2,0,0,0,14.6,0.0,Clear,0,,0,0,0.0,0.0,low,1,Night
GR19,Shivaji Park,Green Line,2024-01-10 03:00:00,3,2,0,0,0,17.7,0.0,Clear,0,,0,0,0.0,0.0,low,1,Night
GR19,Shivaji Park,Green Line,2024-01-10 04:00:00,4,2,0,0,0,14.8,0.0,Cloudy,0,,0,0,0.0,0.0,low,1,Night
GR19,Shivaji Park,Green Line,2024-01-10 05:00:00,5,2,0,0,0,12.9,0.0,Clear,0,,0,0,0.0,0.0,low,1,Night
GR19,Shivaji Park,Green Line,2024-01-10 06:00:00,6,2,0,31,4,16.0,0.0,Clear,0,,31,0,7.8,0.247,low,2,Night
GR19,Shivaji Park,Green Line,2024-01-10 07:00:00,7,2,0,113,6,18.5,0.0,Clear,0,,144,0,18.8,0.595,medium,4,Night
GR19,Shivaji Park,Green Line,2024-01-10 08:00:00,8,2,0,376,14,19.1,0.0,Clear,0,,520,1,26.9,0.851,high,5,Morning Peak
GR19,Shivaji Park,Green Line,2024-01-10 09:00:00,9,2,0,454,14,22.0,0.0,Clear,0,,943,1,32.4,1.0,high,5,Morning Peak
GR19,Shivaji Park,Green Line,2024-01-10 10:00:00,10,2,0,310,14,21.3,0.0,Clear,0,,1140,1,22.1,0.699,high,4,Morning Peak
GR19,Shivaji Park,Green Line,2024-01-10 11:00:00,11,2,0,214,7,20.7,0.0,Clear,0,,978,0,30.6,0.968,high,5,Mid Morning
GR19,Shivaji Park,Green Line,2024-01-10 12:00:00,12,2,0,214,7,19.2,0.0,Clear,0,,738,0,30.6,0.968,high,5,Mid Morning
GR19,Shivaji Park,Green Line,2024-01-10 13:00:00,13,2,0,186,7,18.0,0.0,Clear,0,,614,0,26.6,0.842,high,5,Mid Morning
GR19,Shivaji Park,Green Line,2024-01-10 14:00:00,14,2,0,165,7,15.8,0.0,Clear,0,,565,0,23.6,0.747,high,4,Afternoon
GR19,Shivaji Park,Green Line,2024-01-10 15:00:00,15,2,0,196,7,12.7,0.0,Clear,0,,547,0,28.0,0.886,high,5,Afternoon
GR19,Shivaji Park,Green Line,2024-01-10 16:00:00,16,2,0,229,7,13.7,0.0,Clear,0,,590,0,32.7,1.0,high,5,Afternoon
GR19,Shivaji Park,Green Line,2024-01-10 17:00:00,17,2,0,320,13,12.6,0.0,Clear,0,,745,1,24.6,0.778,high,5,Evening Peak
GR19,Shivaji Park,Green Line,2024-01-10 18:00:00,18,2,0,369,13,13.8,0.0,Clear,0,,918,1,28.4,0.899,high,5,Evening Peak
GR19,Shivaji Park,Green Line,2024-01-10 19:00:00,19,2,0,384,13,12.2,0.0,Cloudy,0,,1073,1,29.5,0.934,high,5,Evening Peak
GR19,Shivaji Park,Green Line,2024-01-10 20:00:00,20,2,0,259,13,11.1,0.0,Clear,0,,1012,1,19.9,0.63,medium,4,Evening Peak
GR19,Shivaji Park,Green Line,2024-01-10 21:00:00,21,2,0,115,5,12.2,0.0,Clear,0,,758,0,23.0,0.728,high,4,Night
GR19,Shivaji Park,Green Line,2024-01-10 22:00:00,22,2,0,48,5,12.1,0.0,Clear,0,,422,0,9.6,0.304,low,2,Night
GR19,Shivaji Park,Green Line,2024-01-10 23:00:00,23,2,0,16,0,10.8,0.0,Clear,0,,179,0,0.0,0.0,low,1,Night
GR19,Shivaji Park,Green Line,2024-01-11 00:00:00,0,3,0,0,0,13.5,0.0,Clear,0,,64,0,0.0,0.0,low,1,Night
GR19,Shivaji Park,Green Line,2024-01-11 01:00:00,1,3,0,0,0,12.7,0.0,Clear,0,,16,0,0.0,0.0,low,1,Night
GR19,Shivaji Park,Green Line,2024-01-11 02:00:00,2,3,0,0,0,16.2,0.0,Clear,0,,0,0,0.0,0.0,low,1,Night
GR19,Shivaji Park,Green Line,2024-01-11 03:00:00,3,3,0,0,0,15.5,0.0,Clear,0,,0,0,0.0,0.0,low,1,Night
GR19,Shivaji Park,Green Line,2024-01-11 04:00:00,4,3,0,0,0,16.5,0.0,Clear,0,,0,0,0.0,0.0,low,1,Night
GR19,Shivaji Park,Green Line,2024-01-11 05:00:00,5,3,0,0,0,12.8,0.0,Clear,0,,0,0,0.0,0.0,low,1,Night
GR19,Shivaji Park,Green Line,2024-01-11 06:00:00,6,3,0,31,4,16.8,0.0,Clear,0,,31,0,7.8,0.247,low,2,Night
GR19,Shivaji Park,Green Line,2024-01-11 07:00:00,7,3,0,111,6,18.8,0.0,Clear,0,,142,0,18.5,0.585,medium,4,Night
GR19,Shivaji Park,Green Line,2024-01-11 08:00:00,8,3,0,360,14,20.4,0.0,Clear,0,,502,1,25.7,0.813,high,5,Morning Peak
GR19,Shivaji Park,Green Line,2024-01-11 09:00:00,9,3,0,409,14,22.4,0.0,Clear,0,,880,1,29.2,0.924,high,5,Morning Peak
GR19,Shivaji Park,Green Line,2024-01-11 10:00:00,10,3,0,289,14,19.8,0.0,Clear,0,,1058,1,20.6,0.652,high,4,Morning Peak
GR19,Shivaji Park,Green Line,2024-01-11 11:00:00,11,3,0,188,7,22.3,0.0,Clear,0,,886,0,26.9,0.851,high,5,Mid Morning
GR19,Shivaji Park,Green Line,2024-01-11 12:00:00,12,3,0,188,7,18.5,0.0,Clear,0,,665,0,26.9,0.851,high,5,Mid Morning
GR19,Shivaji Park,Green Line,2024-01-11 13:00:00,13,3,0,189,7,18.1,0.0,Clear,0,,565,0,27.0,0.854,high,5,Mid Morning
GR19,Shivaji Park,Green Line,2024-01-11 14:00:00,14,3,0,161,7,15.2,0.0,Clear,0,,538,0,23.0,0.728,high,4,Afternoon
GR19,Shivaji Park,Green Line,2024-01-11 15:00:00,15,3,0,192,7,15.3,0.0,Clear,0,,542,0,27.4,0.867,high,5,Afternoon
GR19,Shivaji Park,Green Line,2024-01-11 16:00:00,16,3,0,221,7,13.7,0.0,Cloudy,0,,574,0,31.6,1.0,high,5,Afternoon
GR19,Shivaji Park,Green Line,2024-01-11 17:00:00,17,3,0,332,13,13.2,0.0,Clear,0,,745,1,25.5,0.807,high,5,Evening Peak
GR19,Shivaji Park,Green Line,2024-01-11 18:00:00,18,3,0,431,13,13.5,0.0,Clear,0,,984,1,33.2,1.0,high,5,Evening Peak
GR19,Shivaji Park,Green Line,2024-01-11 19:00:00,19,3,0,388,13,12.3,0.0,Clear,0,,1151,1,29.8,0.943,high,5,Evening Peak
GR19,Shivaji Park,Green Line,2024-01-11 20:00:00,20,3,0,283,13,12.2,0.0,Clear,0,,1102,1,21.8,0.69,high,4,Evening Peak
GR19,Shivaji Park,Green Line,2024-01-11 21:00:00,21,3,0,122,5,10.1,0.0,Clear,0,,793,0,24.4,0.772,high,5,Night
GR19,Shivaji Park,Green Line,2024-01-11 22:00:00,22,3,0,51,5,11.9,0.0,Clear,0,,456,0,10.2,0.323,low,2,Night
GR19,Shivaji Park,Green Line,2024-01-11 23:00:00,23,3,0,16,0,13.0,0.0,Clear,0,,189,0,0.0,0.0,low,1,Night
GR19,Shivaji Park,Green Line,2024-01-12 00:00:00,0,4,0,0,0,13.6,0.0,Clear,0,,67,0,0.0,0.0,low,1,Night
GR19,Shivaji Park,Green Line,2024-01-12 01:00:00,1,4,0,0,0,14.6,0.0,Clear,0,,16,0,0.0,0.0,low,1,Night
GR19,Shivaji Park,Green Line,2024-01-12 02:00:00,2,4,0,0,0,14.5,0.0,Clear,0,,0,0,0.0,0.0,low,1,Night
GR19,Shivaji Park,Green Line,2024-01-12 03:00:00,3,4,0,0,0,16.4,0.0,Clear,0,,0,0,0.0,0.0,low,1,Night
GR19,Shivaji Park,Green Line,2024-01-12 04:00:00,4,4,0,0,0,16.6,0.0,Clear,0,,0,0,0.0,0.0,low,1,Night
GR19,Shivaji Park,Green Line,2024-01-12 05:00:00,5,4,0,0,0,11.2,0.0,Foggy,0,,0,0,0.0,0.0,low,1,Night
GR19,Shivaji Park,Green Line,2024-01-12 06:00:00,6,4,0,34,4,14.8,0.0,Clear,0,,34,0,8.5,0.269,low,2,Night
GR19,Shivaji Park,Green Line,2024-01-12 07:00:00,7,4,0,125,6,16.9,0.0,Clear,0,,159,0,20.8,0.658,high,4,Night
GR19,Shivaji Park,Green Line,2024-01-12 08:00:00,8,4,0,353,14,19.4,0.0,Clear,0,,512,1,25.2,0.797,high,5,Morning Peak
GR19,Shivaji Park,Green Line,2024-01-12 09:00:00,9,4,0,462,14,21.7,0.0,Clear,0,,940,1,33.0,1.0,high,5,Morning Peak
GR19,Shivaji Park,Green Line,2024-01-12 10:00:00,10,4,0,307,14,20.4,0.0,Clear,0,,1122,1,21.9,0.693,high,4,Morning Peak
GR19,Shivaji Park,Green Line,2024-01-12 11:00:00,11,4,0,213,7,20.7,0.0,Clear,0,,982,0,30.4,0.962,high,5,Mid Morning
GR19,Shivaji Park,Green Line,2024-01-12 12:00:00,12,4,0,186,7,19.0,0.0,Clear,0,,706,0,26.6,0.842,high,5,Mid Morning
GR19,Shivaji Park,Green Line,2024-01-12 13:00:00,13,4,0,177,7,19.9,0.0,Clear,0,,576,0,25.3,0.801,high,5,Mid Morning
GR19,Shivaji Park,Green Line,2024-01-12 14:00:00,14,4,0,161,7,16.5,0.0,Clear,0,,524,0,23.0,0.728,high,4,Afternoon
GR19,Shivaji Park,Green Line,2024-01-12 15:00:00,15,4,0,183,7,14.7,0.0,Clear,0,,521,0,26.1,0.826,high,5,Afternoon
GR19,Shivaji Park,Green Line,2024-01-12 16:00:00,16,4,0,226,7,14.4,0.0,Clear,0,,570,0,32.3,1.0,high,5,Afternoon
GR19,Shivaji Park,Green Line,2024-01-12 17:00:00,17,4,0,343,13,13.3,0.0,Cloudy,0,,752,1,26.4,0.835,high,5,Evening Peak
GR19,Shivaji Park,Green Line,2024-01-12 18:00:00,18,4,0,388,13,13.3,0.0,Cloudy,0,,957,1,29.8,0.943,high,5,Evening Peak
GR19,Shivaji Park,Green Line,2024-01-12 19:00:00,19,4,0,375,13,10.9,0.0,Clear,0,,1106,1,28.8,0.911,high,5,Evening Peak
GR19,Shivaji Park,Green Line,2024-01-12 20:00:00,20,4,0,251,13,13.7,0.0,Clear,0,,1014,1,19.3,0.611,medium,4,Evening Peak
GR19,Shivaji Park,Green Line,2024-01-12 21:00:00,21,4,0,114,5,12.1,0.0,Clear,0,,740,0,22.8,0.722,high,4,Night
GR19,Shivaji Park,Green Line,2024-01-12 22:00:00,22,4,0,52,5,12.1,0.0,Clear,0,,417,0,10.4,0.329,low,2,Night
GR19,Shivaji Park,Green Line,2024-01-12 23:00:00,23,4,0,17,0,14.0,0.0,Clear,0,,183,0,0.0,0.0,low,1,Night
GR19,Shivaji Park,Green Line,2024-01-13 00:00:00,0,5,1,0,0,13.9,0.0,Clear,0,,69,0,0.0,0.0,low,1,Night
GR19,Shivaji Park,Green Line,2024-01-13 01:00:00,1,5,1,0,0,14.5,0.0,Clear,0,,17,0,0.0,0.0,low,1,Night
GR19,Shivaji Park,Green Line,2024-01-13 02:00:00,2,5,1,0,0,14.4,0.0,Clear,0,,0,0,0.0,0.0,low,1,Night
GR19,Shivaji Park,Green Line,2024-01-13 03:00:00,3,5,1,0,0,16.0,0.0,Clear,0,,0,0,0.0,0.0,low,1,Night
GR19,Shivaji Park,Green Line,2024-01-13 04:00:00,4,5,1,0,0,15.4,0.0,Clear,0,,0,0,0.0,0.0,low,1,Night
GR19,Shivaji Park,Green Line,2024-01-13 05:00:00,5,5,1,0,0,14.4,0.0,Clear,0,,0,0,0.0,0.0,low,1,Night
GR19,Shivaji Park,Green Line,2024-01-13 06:00:00,6,5,1,24,4,17.6,0.0,Clear,0,,24,0,6.0,0.19,low,2,Night
GR19,Shivaji Park,Green Line,2024-01-13 07:00:00,7,5,1,80,6,18.9,0.0,Clear,0,,104,0,13.3,0.421,medium,3,Night
GR19,Shivaji Park,Green Line,2024-01-13 08:00:00,8,5,1,250,14,19.5,0.0,Clear,0,,354,1,17.9,0.566,medium,4,Morning Peak
GR19,Shivaji Park,Green Line,2024-01-13 09:00:00,9,5,1,294,14,22.4,0.0,Clear,0,,624,1,21.0,0.665,high,4,Morning Peak
GR19,Shivaji Park,Green Line,2024-01-13 10:00:00,10,5,1,194,14,21.3,0.0,Clear,0,,738,1,13.9,0.44,medium,3,Morning Peak
GR19,Shivaji Park,Green Line,2024-01-13 11:00:00,11,5,1,150,7,22.0,0.0,Clear,0,,638,0,21.4,0.677,high,4,Mid Morning
GR19,Shivaji Park,Green Line,2024-01-13 12:00:00,12,5,1,141,7,21.2,0.0,Clear,0,,485,0,20.1,0.636,medium,4,Mid Morning
GR19,Shivaji Park,Green Line,2024-01-13 13:00:00,13,5,1,136,7,19.1,0.0,Clear,0,,427,0,19.4,0.614,medium,4,Mid Morning
GR19,Shivaji Park,Green Line,2024-01-13 14:00:00,14,5,1,120,7,17.1,0.0,Clear,0,,397,0,17.1,0.541,medium,3,Afternoon
GR19,Shivaji Park,Green Line,2024-01-13 15:00:00,15,5,1,130,7,13.9,0.0,Cloudy,0,,386,0,18.6,0.589,medium,4,Afternoon
GR19,Shivaji Park,Green Line,2024-01-13 16:00:00,16,5,1,167,7,14.1,0.0,Clear,0,,417,0,23.9,0.756,high,5,Afternoon
GR19,Shivaji Park,Green Line,2024-01-13 17:00:00,17,5,1,234,13,13.9,0.0,Clear,0,,531,1,18.0,0.57,medium,4,Evening Peak
GR19,Shivaji Park,Green Line,2024-01-13 18:00:00,18,5,1,273,13,14.2,0.0,Clear,0,,674,1,21.0,0.665,high,4,Evening Peak
GR19,Shivaji Park,Green Line,2024-01-13 19:00:00,19,5,1,249,13,12.6,0.0,Clear,0,,756,1,19.2,0.608,medium,4,Evening Peak
GR19,Shivaji Park,Green Line,2024-01-13 20:00:00,20,5,1,203,13,11.5,0.0,Cloudy,0,,725,1,15.6,0.494,medium,3,Evening Peak
GR19,Shivaji Park,Green Line,2024-01-13 21:00:00,21,5,1,82,5,12.7,0.0,Clear,0,,534,0,16.4,0.519,medium,3,Night
GR19,Shivaji Park,Green Line,2024-01-13 22:00:00,22,5,1,39,5,12.4,0.0,Clear,0,,324,0,7.8,0.247,low,2,Night
GR19,Shivaji Park,Green Line,2024-01-13 23:00:00,23,5,1,12,0,12.7,0.0,Clear,0,,133,0,0.0,0.0,low,1,Night
GR19,Shivaji Park,Green Line,2024-01-14 00:00:00,0,6,1,0,0,14.1,0.0,Clear,1,Makar Sankranti,51,0,0.0,0.0,low,1,Night
GR19,Shivaji Park,Green Line,2024-01-14 01:00:00,1,6,1,0,0,15.9,0.0,Clear,1,Makar Sankranti,12,0,0.0,0.0,low,1,Night
GR19,Shivaji Park,Green Line,2024-01-14 02:00:00,2,6,1,0,0,13.7,0.0,Clear,1,Makar Sankranti,0,0,0.0,0.0,low,1,Night
GR19,Shivaji Park,Green Line,2024-01-14 03:00:00,3,6,1,0,0,15.2,0.0,Clear,1,Makar Sankranti,0,0,0.0,0.0,low,1,Night
GR19,Shivaji Park,Green Line,2024-01-14 04:00:00,4,6,1,0,0,18.3,0.0,Clear,1,Makar Sankranti,0,0,0.0,0.0,low,1,Night
GR19,Shivaji Park,Green Line,2024-01-14 05:00:00,5,6,1,0,0,15.6,0.0,Clear,1,Makar Sankranti,0,0,0.0,0.0,low,1,Night
GR19,Shivaji Park,Green Line,2024-01-14 06:00:00,6,6,1,28,4,16.5,0.0,Clear,1,Makar Sankranti,28,0,7.0,0.222,low,2,Night
GR19,Shivaji Park,Green Line,2024-01-14 07:00:00,7,6,1,99,6,18.7,0.0,Clear,1,Makar Sankranti,127,0,16.5,0.522,medium,3,Night
GR19,Shivaji Park,Green Line,2024-01-14 08:00:00,8,6,1,334,14,21.3,0.0,Clear,1,Makar Sankranti,461,1,23.9,0.756,high,5,Morning Peak
GR19,Shivaji Park,Green Line,2024-01-14 09:00:00,9,6,1,380,14,21.1,0.0,Clear,1,Makar Sankranti,813,1,27.1,0.858,high,5,Morning Peak
GR19,Shivaji Park,Green Line,2024-01-14 10:00:00,10,6,1,247,14,20.3,0.0,Clear,1,Makar Sankranti,961,1,17.6,0.557,medium,4,Morning Peak
GR19,Shivaji Park,Green Line,2024-01-14 11:00:00,11,6,1,171,7,22.3,0.0,Clear,1,Makar Sankranti,798,0,24.4,0.772,high,5,Mid Morning
GR19,Shivaji Park,Green Line,2024-01-14 12:00:00,12,6,1,159,7,21.3,0.0,Clear,1,Makar Sankranti,577,0,22.7,0.718,high,4,Mid Morning
GR19,Shivaji Park,Green Line,2024-01-14 13:00:00,13,6,1,157,7,18.4,0.0,Clear,1,Makar Sankranti,487,0,22.4,0.709,high,4,Mid Morning
GR19,Shivaji Park,Green Line,2024-01-14 14:00:00,14,6,1,139,7,15.0,0.0,Clear,1,Makar Sankranti,455,0,19.9,0.63,medium,4,Afternoon
GR19,Shivaji Park,Green Line,2024-01-14 15:00:00,15,6,1,149,7,16.2,0.0,Clear,1,Makar Sankranti,445,0,21.3,0.674,high,4,Afternoon
GR19,Shivaji Park,Green Line,2024-01-14 16:00:00,16,6,1,194,7,14.5,0.0,Cloudy,1,Makar Sankranti,482,0,27.7,0.877,high,5,Afternoon
GR19,Shivaji Park,Green Line,2024-01-14 17:00:00,17,6,1,296,13,13.3,0.0,Clear,1,Makar Sankranti,639,1,22.8,0.722,high,4,Evening Peak
GR19,Shivaji Park,Green Line,2024-01-14 18:00:00,18,6,1,327,13,12.9,0.0,Clear,1,Makar Sankranti,817,1,25.2,0.797,high,5,Evening Peak
GR19,Shivaji Park,Green Line,2024-01-14 19:00:00,19,6,1,320,13,12.7,0.0,Clear,1,Makar Sankranti,943,1,24.6,0.778,high,5,Evening Peak
GR19,Shivaji Park,Green Line,2024-01-14 20:00:00,20,6,1,231,13,12.5,0.0,Clear,1,Makar Sankranti,878,1,17.8,0.563,medium,4,Evening Peak
GR19,Shivaji Park,Green Line,2024-01-14 21:00:00,21,6,1,104,5,12.2,0.0,Clear,1,Makar Sankranti,655,0,20.8,0.658,high,4,Night
GR19,Shivaji Park,Green Line,2024-01-14 22:00:00,22,6,1,41,5,13.2,0.0,Clear,1,Makar Sankranti,376,0,8.2,0.259,low,2,Night
GR19,Shivaji Park,Green Line,2024-01-14 23:00:00,23,6,1,15,0,13.3,0.0,Clear,1,Makar Sankranti,160,0,0.0,0.0,low,1,Night
GR19,Shivaji Park,Green Line,2024-01-15 00:00:00,0,0,0,0,0,15.2,0.0,Clear,0,,56,0,0.0,0.0,low,1,Night
GR19,Shivaji Park,Green Line,2024-01-15 01:00:00,1,0,0,0,0,14.4,0.0,Clear,0,,15,0,0.0,0.0,low,1,Night
GR19,Shivaji Park,Green Line,2024-01-15 02:00:00,2,0,0,0,0,18.1,0.0,Clear,0,,0,0,0.0,0.0,low,1,Night
GR19,Shivaji Park,Green Line,2024-01-15 03:00:00,3,0,0,0,0,14.2,0.0,Clear,0,,0,0,0.0,0.0,low,1,Night
GR19,Shivaji Park,Green Line,2024-01-15 04:00:00,4,0,0,0,0,16.5,0.0,Clear,0,,0,0,0.0,0.0,low,1,Night
GR19,Shivaji Park,Green Line,2024-01-15 05:00:00,5,0,0,0,0,13.7,0.0,Clear,0,,0,0,0.0,0.0,low,1,Night
GR19,Shivaji Park,Green Line,2024-01-15 06:00:00,6,0,0,33,4,15.7,0.0,Clear,0,,33,0,8.2,0.259,low,2,Night
GR19,Shivaji Park,Green Line,2024-01-15 07:00:00,7,0,0,126,6,17.6,0.0,Clear,0,,159,0,21.0,0.665,high,4,Night
GR19,Shivaji Park,Green Line,2024-01-15 08:00:00,8,0,0,344,14,20.4,0.0,Clear,0,,503,1,24.6,0.778,high,5,Morning Peak
GR19,Shivaji Park,Green Line,2024-01-15 09:00:00,9,0,0,437,14,22.9,0.0,Clear,0,,907,1,31.2,0.987,high,5,Morning Peak
GR19,Shivaji Park,Green Line,2024-01-15 10:00:00,10,0,0,309,14,21.4,0.0,Clear,0,,1090,1,22.1,0.699,high,4,Morning Peak
GR19,Shivaji Park,Green Line,2024-01-15 11:00:00,11,0,0,198,7,21.3,0.0,Clear,0,,944,0,28.3,0.896,high,5,Mid Morning
GR19,Shivaji Park,Green Line,2024-01-15 12:00:00,12,0,0,212,7,20.0,0.0,Clear,0,,719,0,30.3,0.959,high,5,Mid Morning
GR19,Shivaji Park,Green Line,2024-01-15 13:00:00,13,0,0,184,7,18.4,0.0,Clear,0,,594,0,26.3,0.832,high,5,Mid Morning
GR19,Shivaji Park,Green Line,2024-01-15 14:00:00,14,0,0,177,7,15.8,0.0,Clear,0,,573,0,25.3,0.801,high,5,Afternoon
GR19,Shivaji Park,Green Line,2024-01-15 15:00:00,15,0,0,192,7,14.7,0.0,Clear,0,,553,0,27.4,0.867,high,5,Afternoon
GR19,Shivaji Park,Green Line,2024-01-15 16:00:00,16,0,0,210,7,14.4,0.0,Clear,0,,579,0,30.0,0.949,high,5,Afternoon
GR19,Shivaji Park,Green Line,2024-01-15 17:00:00,17,0,0,324,13,12.8,0.0,Clear,0,,726,1,24.9,0.788,high,5,Evening Peak
GR19,Shivaji Park,Green Line,2024-01-15 18:00:00,18,0,0,376,13,15.0,0.0,Clear,0,,910,1,28.9,0.915,high,5,Evening Peak
GR19,Shivaji Park,Green Line,2024-01-15 19:00:00,19,0,0,361,13,12.7,0.0,Clear,0,,1061,1,27.8,0.88,high,5,Evening Peak
GR19,Shivaji Park,Green Line,2024-01-15 20:00:00,20,0,0,265,13,12.4,0.0,Clear,0,,1002,1,20.4,0.646,medium,4,Evening Peak
GR19,Shivaji Park,Green Line,2024-01-15 21:00:00,21,0,0,121,5,12.8,0.0,Clear,0,,747,0,24.2,0.766,high,5,Night
GR19,Shivaji Park,Green Line,2024-01-15 22:00:00,22,0,0,49,5,12.8,0.0,Clear,0,,435,0,9.8,0.31,low,2,Night
GR19,Shivaji Park,Green Line,2024-01-15 23:00:00,23,0,0,15,0,12.1,0.0,Clear,0,,185,0,0.0,0.0,low,1,Night
GR19,Shivaji Park,Green Line,2024-01-16 00:00:00,0,1,0,0,0,13.4,0.0,Clear,0,,64,0,0.0,0.0,low,1,Night
GR19,Shivaji Park,Green Line,2024-01-16 01:00:00,1,1,0,0,0,15.7,0.0,Clear,0,,15,0,0.0,0.0,low,1,Night
GR19,Shivaji Park,Green Line,2024-01-16 02:00:00,2,1,0,0,0,15.1,0.0,Cloudy,0,,0,0,0.0,0.0,low,1,Night
GR19,Shivaji Park,Green Line,2024-01-16 03:00:00,3,1,0,0,0,17.6,0.0,Clear,0,,0,0,0.0,0.0,low,1,Night
GR19,Shivaji Park,Green Line,2024-01-16 04:00:00,4,1,0,0,0,16.0,0.0,Clear,0,,0,0,0.0,0.0,low,1,Night
GR19,Shivaji Park,Green Line,2024-01-16 05:00:00,5,1,0,0,0,14.2,0.0,Clear,0,,0,0,0.0,0.0,low,1,Night
GR19,Shivaji Park,Green Line,2024-01-16 06:00:00,6,1,0,33,4,16.7,0.0,Clear,0,,33,0,8.2,0.259,low,2,Night
GR19,Shivaji Park,Green Line,2024-01-16 07:00:00,7,1,0,127,6,19.1,0.0,Clear,0,,160,0,21.2,0.671,high,4,Night
GR19,Shivaji Park,Green Line,2024-01-16 08:00:00,8,1,0,367,14,20.2,0.0,Clear,0,,527,1,26.2,0.829,high,5,Morning Peak
GR19,Shivaji Park,Green Line,2024-01-16 09:00:00,9,1,0,445,14,21.8,0.0,Cloudy,0,,939,1,31.8,1.0,high,5,Morning Peak
GR19,Shivaji Park,Green Line,2024-01-16 10:00:00,10,1,0,272,14,21.1,0.0,Clear,0,,1084,1,19.4,0.614,medium,4,Morning Peak
GR19,Shivaji Park,Green Line,2024-01-16 11:00:00,11,1,0,186,7,19.6,0.0,Clear,0,,903,0,26.6,0.842,high,5,Mid Morning
GR19,Shivaji Park,Green Line,2024-01-16 12:00:00,12,1,0,196,7,19.2,0.0,Clear,0,,654,0,28.0,0.886,high,5,Mid Morning
GR19,Shivaji Park,Green Line,2024-01-16 13:00:00,13,1,0,174,7,19.0,0.0,Clear,0,,556,0,24.9,0.788,high,5,Mid Morning
GR19,Shivaji Park,Green Line,2024-01-16 14:00:00,14,1,0,161,7,16.7,0.0,Clear,0,,531,0,23.0,0.728,high,4,Afternoon
GR19,Shivaji Park,Green Line,2024-01-16 15:00:00,15,1,0,174,7,14.2,0.0,Clear,0,,509,0,24.9,0.788,high,5,Afternoon
GR19,Shivaji Park,Green Line,2024-01-16 16:00:00,16,1,0,228,7,14.9,0.0,Clear,0,,563,0,32.6,1.0,high,5,Afternoon
GR19,Shivaji Park,Green Line,2024-01-16 17:00:00,17,1,0,320,13,12.9,0.0,Clear,0,,722,1,24.6,0.778,high,5,Evening Peak
GR19,Shivaji Park,Green Line,2024-01-16 18:00:00,18,1,0,383,13,13.5,0.0,Cloudy,0,,931,1,29.5,0.934,high,5,Evening Peak
GR19,Shivaji Park,Green Line,2024-01-16 19:00:00,19,1,0,359,13,12.7,0.0,Clear,0,,1062,1,27.6,0.873,high,5,Evening Peak
GR19,Shivaji Park,Green Line,2024-01-16 20:00:00,20,1,0,269,13,12.5,0.0,Clear,0,,1011,1,20.7,0.655,high,4,Evening Peak
GR19,Shivaji Park,Green Line,2024-01-16 21:00:00,21,1,0,122,5,11.3,0.0,Clear,0,,750,0,24.4,0.772,high,5,Night
GR19,Shivaji Park,Green Line,2024-01-16 22:00:00,22,1,0,56,5,12.2,0.0,Clear,0,,447,0,11.2,0.354,medium,3,Night
GR19,Shivaji Park,Green Line,2024-01-16 23:00:00,23,1,0,17,0,13.2,0.0,Clear,0,,195,0,0.0,0.0,low,1,Night
GR19,Shivaji Park,Green Line,2024-01-17 00:00:00,0,2,0,0,0,15.6,0.0,Clear,0,,73,0,0.0,0.0,low,1,Night
GR19,Shivaji Park,Green Line,2024-01-17 01:00:00,1,2,0,0,0,15.1,0.0,Cloudy,0,,17,0,0.0,0.0,low,1,Night
GR19,Shivaji Park,Green Line,2024-01-17 02:00:00,2,2,0,0,0,14.3,0.0,Clear,0,,0,0,0.0,0.0,low,1,Night
GR19,Shivaji Park,Green Line,2024-01-17 03:00:00,3,2,0,0,0,16.8,0.0,Clear,0,,0,0,0.0,0.0,low,1,Night
GR19,Shivaji Park,Green Line,2024-01-17 04:00:00,4,2,0,0,0,16.1,0.0,Clear,0,,0,0,0.0,0.0,low,1,Night
GR19,Shivaji Park,Green Line,2024-01-17 05:00:00,5,2,0,0,0,17.7,0.0,Clear,0,,0,0,0.0,0.0,low,1,Night
GR19,Shivaji Park,Green Line,2024-01-17 06:00:00,6,2,0,31,4,17.8,0.0,Clear,0,,31,0,7.8,0.247,low,2,Night
GR19,Shivaji Park,Green Line,2024-01-17 07:00:00,7,2,0,128,6,20.7,0.0,Clear,0,,159,0,21.3,0.674,high,4,Night
GR19,Shivaji Park,Green Line,2024-01-17 08:00:00,8,2,0,395,14,21.1,0.0,Clear,0,,554,1,28.2,0.892,high,5,Morning Peak
GR19,Shivaji Park,Green Line,2024-01-17 09:00:00,9,2,0,429,14,20.9,0.0,Cloudy,0,,952,1,30.6,0.968,high,5,Morning Peak
GR19,Shivaji Park,Green Line,2024-01-17 10:00:00,10,2,0,288,14,22.0,0.0,Clear,0,,1112,1,20.6,0.652,high,4,Morning Peak
GR19,Shivaji Park,Green Line,2024-01-17 11:00:00,11,2,0,199,7,21.3,0.0,Clear,0,,916,0,28.4,0.899,high,5,Mid Morning
GR19,Shivaji Park,Green Line,2024-01-17 12:00:00,12,2,0,213,7,20.4,0.0,Clear,0,,700,0,30.4,0.962,high,5,Mid Morning
GR19,Shivaji Park,Green Line,2024-01-17 13:00:00,13,2,0,190,7,19.0,0.0,Clear,0,,602,0,27.1,0.858,high,5,Mid Morning
GR19,Shivaji Park,Green Line,2024-01-17 14:00:00,14,2,0,164,7,17.8,0.0,Clear,0,,567,0,23.4,0.741,high,4,Afternoon
GR19,Shivaji Park,Green Line,2024-01-17 15:00:00,15,2,0,179,7,15.8,0.0,Clear,0,,533,0,25.6,0.81,high,5,Afternoon
GR19,Shivaji Park,Green Line,2024-01-17 16:00:00,16,2,0,233,7,16.1,0.0,Clear,0,,576,0,33.3,1.0,high,5,Afternoon
GR19,Shivaji Park,Green Line,2024-01-17 17:00:00,17,2,0,318,13,14.4,0.0,Clear,0,,730,1,24.5,0.775,high,5,Evening Peak
GR19,Shivaji Park,Green Line,2024-01-17 18:00:00,18,2,0,402,13,13.4,0.0,Clear,0,,953,1,30.9,0.978,high,5,Evening Peak
GR19,Shivaji Park,Green Line,2024-01-17 19:00:00,19,2,0,374,13,11.9,0.0,Clear,0,,1094,1,28.8,0.911,high,5,Evening Peak
GR19,Shivaji Park,Green Line,2024-01-17 20:00:00,20,2,0,280,13,13.0,0.0,Clear,0,,1056,1,21.5,0.68,high,4,Evening Peak
GR19,Shivaji Park,Green Line,2024-01-17 21:00:00,21,2,0,128,5,14.1,0.0,Clear,0,,782,0,25.6,0.81,high,5,Night
GR19,Shivaji Park,Green Line,2024-01-17 22:00:00,22,2,0,53,5,11.5,0.0,Clear,0,,461,0,10.6,0.335,low,2,Night
GR19,Shivaji Park,Green Line,2024-01-17 23:00:00,23,2,0,16,0,11.5,0.0,Clear,0,,197,0,0.0,0.0,low,1,Night
GR19,Shivaji Park,Green Line,2024-01-18 00:00:00,0,3,0,0,0,13.7,0.0,Clear,0,,69,0,0.0,0.0,low,1,Night
GR19,Shivaji Park,Green Line,2024-01-18 01:00:00,1,3,0,0,0,16.6,0.0,Cloudy,0,,16,0,0.0,0.0,low,1,Night
GR19,Shivaji Park,Green Line,2024-01-18 02:00:00,2,3,0,0,0,16.8,0.0,Clear,0,,0,0,0.0,0.0,low,1,Night
GR19,Shivaji Park,Green Line,2024-01-18 03:00:00,3,3,0,0,0,18.5,0.0,Clear,0,,0,0,0.0,0.0,low,1,Night
GR19,Shivaji Park,Green Line,2024-01-18 04:00:00,4,3,0,0,0,15.8,0.0,Clear,0,,0,0,0.0,0.0,low,1,Night
GR19,Shivaji Park,Green Line,2024-01-18 05:00:00,5,3,0,0,0,17.9,0.0,Clear,0,,0,0,0.0,0.0,low,1,Night
GR19,Shivaji Park,Green Line,2024-01-18 06:00:00,6,3,0,31,4,17.3,0.0,Clear,0,,31,0,7.8,0.247,low,2,Night
GR19,Shivaji Park,Green Line,2024-01-18 07:00:00,7,3,0,124,6,19.6,0.0,Clear,0,,155,0,20.7,0.655,high,4,Night
GR19,Shivaji Park,Green Line,2024-01-18 08:00:00,8,3,0,364,14,21.6,0.0,Cloudy,0,,519,1,26.0,0.823,high,5,Morning Peak
GR19,Shivaji Park,Green Line,2024-01-18 09:00:00,9,3,0,460,14,21.1,0.0,Clear,0,,948,1,32.9,1.0,high,5,Morning Peak
GR19,Shivaji Park,Green Line,2024-01-18 10:00:00,10,3,0,271,14,22.7,0.0,Clear,0,,1095,1,19.4,0.614,medium,4,Morning Peak
GR19,Shivaji Park,Green Line,2024-01-18 11:00:00,11,3,0,215,7,23.0,0.0,Clear,0,,946,0,30.7,0.972,high,5,Mid Morning
GR19,Shivaji Park,Green Line,2024-01-18 12:00:00,12,3,0,187,7,20.8,0.1,Light Rain,0,,673,0,26.7,0.845,high,5,Mid Morning
GR19,Shivaji Park,Green Line,2024-01-18 13:00:00,13,3,0,183,7,20.5,0.4,Light Rain,0,,585,0,26.1,0.826,high,5,Mid Morning
GR19,Shivaji Park,Green Line,2024-01-18 14:00:00,14,3,0,162,7,15.5,0.2,Light Rain,0,,532,0,23.1,0.731,high,4,Afternoon
GR19,Shivaji Park,Green Line,2024-01-18 15:00:00,15,3,0,163,7,16.0,0.3,Light Rain,0,,508,0,23.3,0.737,high,4,Afternoon
GR19,Shivaji Park,Green Line,2024-01-18 16:00:00,16,3,0,223,7,15.3,0.3,Light Rain,0,,548,0,31.9,1.0,high,5,Afternoon
GR19,Shivaji Park,Green Line,2024-01-18 17:00:00,17,3,0,349,13,14.3,0.3,Light Rain,0,,735,1,26.8,0.848,high,5,Evening Peak
GR19,Shivaji Park,Green Line,2024-01-18 18:00:00,18,3,0,370,13,12.5,0.4,Light Rain,0,,942,1,28.5,0.902,high,5,Evening Peak
GR19,Shivaji Park,Green Line,2024-01-18 19:00:00,19,3,0,354,13,14.0,0.1,Light Rain,0,,1073,1,27.2,0.861,high,5,Evening Peak
GR19,Shivaji Park,Green Line,2024-01-18 20:00:00,20,3,0,264,13,13.0,0.4,Light Rain,0,,988,1,20.3,0.642,medium,4,Evening Peak
GR19,Shivaji Park,Green Line,2024-01-18 21:00:00,21,3,0,117,5,13.3,0.0,Clear,0,,735,0,23.4,0.741,high,4,Night
GR19,Shivaji Park,Green Line,2024-01-18 22:00:00,22,3,0,48,5,12.0,0.0,Clear,0,,429,0,9.6,0.304,low,2,Night
GR19,Shivaji Park,Green Line,2024-01-18 23:00:00,23,3,0,15,0,11.4,0.0,Clear,0,,180,0,0.0,0.0,low,1,Night
GR19,Shivaji Park,Green Line,2024-01-19 00:00:00,0,4,0,0,0,13.7,0.0,Clear,0,,63,0,0.0,0.0,low,1,Night
GR19,Shivaji Park,Green Line,2024-01-19 01:00:00,1,4,0,0,0,17.7,0.0,Clear,0,,15,0,0.0,0.0,low,1,Night
GR19,Shivaji Park,Green Line,2024-01-19 02:00:00,2,4,0,0,0,16.9,0.0,Clear,0,,0,0,0.0,0.0,low,1,Night
GR19,Shivaji Park,Green Line,2024-01-19 03:00:00,3,4,0,0,0,16.1,0.0,Clear,0,,0,0,0.0,0.0,low,1,Night
GR19,Shivaji Park,Green Line,2024-01-19 04:00:00,4,4,0,0,0,17.4,0.0,Clear,0,,0,0,0.0,0.0,low,1,Night
GR19,Shivaji Park,Green Line,2024-01-19 05:00:00,5,4,0,0,0,14.9,0.0,Clear,0,,0,0,0.0,0.0,low,1,Night
GR19,Shivaji Park,Green Line,2024-01-19 06:00:00,6,4,0,34,4,18.7,0.0,Clear,0,,34,0,8.5,0.269,low,2,Night
GR19,Shivaji Park,Green Line,2024-01-19 07:00:00,7,4,0,124,6,18.7,0.0,Clear,0,,158,0,20.7,0.655,high,4,Night
GR19,Shivaji Park,Green Line,2024-01-19 08:00:00,8,4,0,388,14,22.1,0.0,Clear,0,,546,1,27.7,0.877,high,5,Morning Peak
GR19,Shivaji Park,Green Line,2024-01-19 09:00:00,9,4,0,418,14,22.4,0.0,Clear,0,,930,1,29.9,0.946,high,5,Morning Peak
GR19,Shivaji Park,Green Line,2024-01-19 10:00:00,10,4,0,269,14,21.8,0.0,Clear,0,,1075,1,19.2,0.608,medium,4,Morning Peak
GR19,Shivaji Park,Green Line,2024-01-19 11:00:00,11,4,0,210,7,22.7,0.0,Clear,0,,897,0,30.0,0.949,high,5,Mid Morning
GR19,Shivaji Park,Green Line,2024-01-19 12:00:00,12,4,0,203,7,21.2,0.0,Clear,0,,682,0,29.0,0.918,high,5,Mid Morning
GR19,Shivaji Park,Green Line,2024-01-19 13:00:00,13,4,0,179,7,21.1,0.0,Clear,0,,592,0,25.6,0.81,high,5,Mid Morning
GR19,Shivaji Park,Green Line,2024-01-19 14:00:00,14,4,0,175,7,16.9,0.0,Clear,0,,557,0,25.0,0.791,high,5,Afternoon
GR19,Shivaji Park,Green Line,2024-01-19 15:00:00,15,4,0,189,7,14.1,0.0,Clear,0,,543,0,27.0,0.854,high,5,Afternoon
GR19,Shivaji Park,Green Line,2024-01-19 16:00:00,16,4,0,237,7,14.0,0.0,Clear,0,,601,0,33.9,1.0,high,5,Afternoon
GR19,Shivaji Park,Green Line,2024-01-19 17:00:00,17,4,0,352,13,15.6,0.0,Clear,0,,778,1,27.1,0.858,high,5,Evening Peak
GR19,Shivaji Park,Green Line,2024-01-19 18:00:00,18,4,0,379,13,14.5,0.0,Clear,0,,968,1,29.2,0.924,high,5,Evening Peak
GR19,Shivaji Park,Green Line,2024-01-19 19:00:00,19,4,0,397,13,13.8,0.0,Clear,0,,1128,1,30.5,0.965,high,5,Evening Peak
GR19,Shivaji Park,Green Line,2024-01-19 20:00:00,20,4,0,276,13,13.7,0.0,Clear,0,,1052,1,21.2,0.671,high,4,Evening Peak
GR19,Shivaji Park,Green Line,2024-01-19 21:00:00,21,4,0,122,5,13.0,0.0,Clear,0,,795,0,24.4,0.772,high,5,Night
GR19,Shivaji Park,Green Line,2024-01-19 22:00:00,22,4,0,55,5,12.6,0.0,Clear,0,,453,0,11.0,0.348,low,2,Night
GR19,Shivaji Park,Green Line,2024-01-19 23:00:00,23,4,0,17,0,12.4,0.0,Clear,0,,194,0,0.0,0.0,low,1,Night
GR19,Shivaji Park,Green Line,2024-01-20 00:00:00,0,5,1,0,0,16.3,0.0,Clear,0,,72,0,0.0,0.0,low,1,Night
GR19,Shivaji Park,Green Line,2024-01-20 01:00:00,1,5,1,0,0,15.7,0.0,Clear,0,,17,0,0.0,0.0,low,1,Night
GR19,Shivaji Park,Green Line,2024-01-20 02:00:00,2,5,1,0,0,16.5,0.0,Cloudy,0,,0,0,0.0,0.0,low,1,Night
GR19,Shivaji Park,Green Line,2024-01-20 03:00:00,3,5,1,0,0,18.2,0.0,Clear,0,,0,0,0.0,0.0,low,1,Night
GR19,Shivaji Park,Green Line,2024-01-20 04:00:00,4,5,1,0,0,17.0,0.0,Clear,0,,0,0,0.0,0.0,low,1,Night
GR19,Shivaji Park,Green Line,2024-01-20 05:00:00,5,5,1,0,0,13.9,0.0,Clear,0,,0,0,0.0,0.0,low,1,Night
GR19,Shivaji Park,Green Line,2024-01-20 06:00:00,6,5,1,24,4,17.9,0.0,Cloudy,0,,24,0,6.0,0.19,low,2,Night
GR19,Shivaji Park,Green Line,2024-01-20 07:00:00,7,5,1,83,6,19.9,0.0,Clear,0,,107,0,13.8,0.437,medium,3,Night
GR19,Shivaji Park,Green Line,2024-01-20 08:00:00,8,5,1,252,14,22.3,0.0,Clear,0,,359,1,18.0,0.57,medium,4,Morning Peak
GR19,Shivaji Park,Green Line,2024-01-20 09:00:00,9,5,1,308,14,21.5,0.0,Clear,0,,643,1,22.0,0.696,high,4,Morning Peak
GR19,Shivaji Park,Green Line,2024-01-20 10:00:00,10,5,1,208,14,23.4,0.0,Clear,0,,768,1,14.9,0.472,medium,3,Morning Peak
GR19,Shivaji Park,Green Line,2024-01-20 11:00:00,11,5,1,144,7,22.6,0.0,Clear,0,,660,0,20.6,0.652,high,4,Mid Morning
GR19,Shivaji Park,Green Line,2024-01-20 12:00:00,12,5,1,144,7,21.0,0.0,Clear,0,,496,0,20.6,0.652,high,4,Mid Morning
GR19,Shivaji Park,Green Line,2024-01-20 13:00:00,13,5,1,133,7,19.3,0.0,Clear,0,,421,0,19.0,0.601,medium,4,Mid Morning
GR19,Shivaji Park,Green Line,2024-01-20 14:00:00,14,5,1,121,7,17.9,0.0,Clear,0,,398,0,17.3,0.547,medium,3,Afternoon
GR19,Shivaji Park,Green Line,2024-01-20 15:00:00,15,5,1,135,7,16.4,0.0,Clear,0,,389,0,19.3,0.611,medium,4,Afternoon
GR19,Shivaji Park,Green Line,2024-01-20 16:00:00,16,5,1,162,7,16.2,0.0,Clear,0,,418,0,23.1,0.731,high,4,Afternoon
GR19,Shivaji Park,Green Line,2024-01-20 17:00:00,17,5,1,229,13,15.0,0.0,Clear,0,,526,1,17.6,0.557,medium,4,Evening Peak
GR19,Shivaji Park,Green Line,2024-01-20 18:00:00,18,5,1,287,13,13.7,0.0,Cloudy,0,,678,1,22.1,0.699,high,4,Evening Peak
GR19,Shivaji Park,Green Line,2024-01-20 19:00:00,19,5,1,273,13,14.4,0.0,Clear,0,,789,1,21.0,0.665,high,4,Evening Peak
GR19,Shivaji Park,Green Line,2024-01-20 20:00:00,20,5,1,191,13,13.1,0.0,Clear,0,,751,1,14.7,0.465,medium,3,Evening Peak
GR19,Shivaji Park,Green Line,2024-01-20 21:00:00,21,5,1,90,5,15.7,0.0,Clear,0,,554,0,18.0,0.57,medium,4,Night
GR19,Shivaji Park,Green Line,2024-01-20 22:00:00,22,5,1,35,5,12.6,0.0,Cloudy,0,,316,0,7.0,0.222,low,2,Night
GR19,Shivaji Park,Green Line,2024-01-20 23:00:00,23,5,1,12,0,14.9,0.0,Clear,0,,137,0,0.0,0.0,low,1,Night
GR19,Shivaji Park,Green Line,2024-01-21 00:00:00,0,6,1,0,0,15.2,0.0,Clear,0,,47,0,0.0,0.0,low,1,Night
GR19,Shivaji Park,Green Line,2024-01-21 01:00:00,1,6,1,0,0,14.8,0.0,Cloudy,0,,12,0,0.0,0.0,low,1,Night
GR19,Shivaji Park,Green Line,2024-01-21 02:00:00,2,6,1,0,0,17.5,0.0,Clear,0,,0,0,0.0,0.0,low,1,Night
GR19,Shivaji Park,Green Line,2024-01-21 03:00:00,3,6,1,0,0,17.1,0.0,Clear,0,,0,0,0.0,0.0,low,1,Night
GR19,Shivaji Park,Green Line,2024-01-21 04:00:00,4,6,1,0,0,17.2,0.0,Clear,0,,0,0,0.0,0.0,low,1,Night
GR19,Shivaji Park,Green Line,2024-01-21 05:00:00,5,6,1,0,0,13.5,0.0,Clear,0,,0,0,0.0,0.0,low,1,Night
GR19,Shivaji Park,Green Line,2024-01-21 06:00:00,6,6,1,24,4,18.7,0.0,Clear,0,,24,0,6.0,0.19,low,2,Night
GR19,Shivaji Park,Green Line,2024-01-21 07:00:00,7,6,1,83,6,19.3,0.0,Clear,0,,107,0,13.8,0.437,medium,3,Night
GR19,Shivaji Park,Green Line,2024-01-21 08:00:00,8,6,1,252,14,22.2,0.0,Clear,0,,359,1,18.0,0.57,medium,4,Morning Peak
GR19,Shivaji Park,Green Line,2024-01-21 09:00:00,9,6,1,313,14,23.8,0.0,Clear,0,,648,1,22.4,0.709,high,4,Morning Peak
GR19,Shivaji Park,Green Line,2024-01-21 10:00:00,10,6,1,216,14,22.9,0.0,Clear,0,,781,1,15.4,0.487,medium,3,Morning Peak
GR19,Shivaji Park,Green Line,2024-01-21 11:00:00,11,6,1,144,7,23.9,0.0,Cloudy,0,,673,0,20.6,0.652,high,4,Mid Morning
GR19,Shivaji Park,Green Line,2024-01-21 12:00:00,12,6,1,152,7,21.7,0.0,Clear,0,,512,0,21.7,0.687,high,4,Mid Morning
GR19,Shivaji Park,Green Line,2024-01-21 13:00:00,13,6,1,136,7,20.9,0.0,Clear,0,,432,0,19.4,0.614,medium,4,Mid Morning
GR19,Shivaji Park,Green Line,2024-01-21 14:00:00,14,6,1,115,7,19.6,0.0,Clear,0,,403,0,16.4,0.519,medium,3,Afternoon
GR19,Shivaji Park,Green Line,2024-01-21 15:00:00,15,6,1,127,7,15.4,0.0,Clear,0,,378,0,18.1,0.573,medium,4,Afternoon
GR19,Shivaji Park,Green Line,2024-01-21 16:00:00,16,6,1,157,7,13.9,0.0,Clear,0,,399,0,22.4,0.709,high,4,Afternoon
GR19,Shivaji Park,Green Line,2024-01-21 17:00:00,17,6,1,232,13,15.4,0.0,Clear,0,,516,1,17.8,0.563,medium,4,Evening Peak
GR19,Shivaji Park,Green Line,2024-01-21 18:00:00,18,6,1,277,13,13.8,0.0,Cloudy,0,,666,1,21.3,0.674,high,4,Evening Peak
GR19,Shivaji Park,Green Line,2024-01-21 19:00:00,19,6,1,252,13,15.0,0.0,Clear,0,,761,1,19.4,0.614,medium,4,Evening Peak
GR19,Shivaji Park,Green Line,2024-01-21 20:00:00,20,6,1,209,13,14.2,0.0,Clear,0,,738,1,16.1,0.509,medium,3,Evening Peak
GR19,Shivaji Park,Green Line,2024-01-21 21:00:00,21,6,1,90,5,14.1,0.0,Clear,0,,551,0,18.0,0.57,medium,4,Night
GR19,Shivaji Park,Green Line,2024-01-21 22:00:00,22,6,1,37,5,13.0,0.0,Clear,0,,336,0,7.4,0.234,low,2,Night
GR19,Shivaji Park,Green Line,2024-01-21 23:00:00,23,6,1,11,0,14.7,0.0,Clear,0,,138,0,0.0,0.0,low,1,Night
GR19,Shivaji Park,Green Line,2024-01-22 00:00:00,0,0,0,0,0,16.5,0.0,Clear,0,,48,0,0.0,0.0,low,1,Night
GR19,Shivaji Park,Green Line,2024-01-22 01:00:00,1,0,0,0,0,16.6,0.0,Clear,0,,11,0,0.0,0.0,low,1,Night
GR19,Shivaji Park,Green Line,2024-01-22 02:00:00,2,0,0,0,0,15.7,0.0,Clear,0,,0,0,0.0,0.0,low,1,Night
GR19,Shivaji Park,Green Line,2024-01-22 03:00:00,3,0,0,0,0,17.6,0.0,Clear,0,,0,0,0.0,0.0,low,1,Night
GR19,Shivaji Park,Green Line,2024-01-22 04:00:00,4,0,0,0,0,17.3,0.0,Clear,0,,0,0,0.0,0.0,low,1,Night
GR19,Shivaji Park,Green Line,2024-01-22 05:00:00,5,0,0,0,0,15.4,0.0,Clear,0,,0,0,0.0,0.0,low,1,Night
GR19,Shivaji Park,Green Line,2024-01-22 06:00:00,6,0,0,32,4,18.7,0.0,Clear,0,,32,0,8.0,0.253,low,2,Night
GR19,Shivaji Park,Green Line,2024-01-22 07:00:00,7,0,0,127,6,20.3,0.0,Clear,0,,159,0,21.2,0.671,high,4,Night
GR19,Shivaji Park,Green Line,2024-01-22 08:00:00,8,0,0,379,14,21.0,0.0,Clear,0,,538,1,27.1,0.858,high,5,Morning Peak
GR19,Shivaji Park,Green Line,2024-01-22 09:00:00,9,0,0,439,14,21.5,0.0,Clear,0,,945,1,31.4,0.994,high,5,Morning Peak
GR19,Shivaji Park,Green Line,2024-01-22 10:00:00,10,0,0,284,14,22.4,0.0,Clear,0,,1102,1,20.3,0.642,medium,4,Morning Peak
GR19,Shivaji Park,Green Line,2024-01-22 11:00:00,11,0,0,202,7,22.5,0.0,Clear,0,,925,0,28.9,0.915,high,5,Mid Morning
GR19,Shivaji Park,Green Line,2024-01-22 12:00:00,12,0,0,208,7,20.6,0.2,Light Rain,0,,694,0,29.7,0.94,high,5,Mid Morning
GR19,Shivaji Park,Green Line,2024-01-22 13:00:00,13,0,0,171,7,19.5,0.1,Light Rain,0,,581,0,24.4,0.772,high,5,Mid Morning
GR19,Shivaji Park,Green Line,2024-01-22 14:00:00,14,0,0,170,7,19.4,0.2,Light Rain,0,,549,0,24.3,0.769,high,5,Afternoon
GR19,Shivaji Park,Green Line,2024-01-22 15:00:00,15,0,0,175,7,16.1,0.2,Light Rain,0,,516,0,25.0,0.791,high,5,Afternoon
GR19,Shivaji Park,Green Line,2024-01-22 16:00:00,16,0,0,201,7,13.8,0.1,Light Rain,0,,546,0,28.7,0.908,high,5,Afternoon
GR19,Shivaji Park,Green Line,2024-01-22 17:00:00,17,0,0,346,13,14.3,0.1,Light Rain,0,,722,1,26.6,0.842,high,5,Evening Peak
GR19,Shivaji Park,Green Line,2024-01-22 18:00:00,18,0,0,376,13,13.8,0.1,Light Rain,0,,923,1,28.9,0.915,high,5,Evening Peak
GR19,Shivaji Park,Green Line,2024-01-22 19:00:00,19,0,0,328,13,14.0,0.2,Light Rain,0,,1050,1,25.2,0.797,high,5,Evening Peak
GR19,Shivaji Park,Green Line,2024-01-22 20:00:00,20,0,0,240,13,14.2,0.1,Light Rain,0,,944,1,18.5,0.585,medium,4,Evening Peak
GR19,Shivaji Park,Green Line,2024-01-22 21:00:00,21,0,0,120,5,13.8,0.0,Cloudy,0,,688,0,24.0,0.759,high,5,Night
GR19,Shivaji Park,Green Line,2024-01-22 22:00:00,22,0,0,50,5,14.9,0.0,Clear,0,,410,0,10.0,0.316,low,2,Night
GR19,Shivaji Park,Green Line,2024-01-22 23:00:00,23,0,0,16,0,13.4,0.0,Clear,0,,186,0,0.0,0.0,low,1,Night
GR19,Shivaji Park,Green Line,2024-01-23 00:00:00,0,1,0,0,0,14.8,0.0,Clear,1,Netaji Jayanti,66,0,0.0,0.0,low,1,Night
GR19,Shivaji Park,Green Line,2024-01-23 01:00:00,1,1,0,0,0,16.4,0.0,Clear,1,Netaji Jayanti,16,0,0.0,0.0,low,1,Night
GR19,Shivaji Park,Green Line,2024-01-23 02:00:00,2,1,0,0,0,18.4,0.0,Clear,1,Netaji Jayanti,0,0,0.0,0.0,low,1,Night
GR19,Shivaji Park,Green Line,2024-01-23 03:00:00,3,1,0,0,0,17.6,0.0,Clear,1,Netaji Jayanti,0,0,0.0,0.0,low,1,Night
GR19,Shivaji Park,Green Line,2024-01-23 04:00:00,4,1,0,0,0,18.9,0.0,Cloudy,1,Netaji Jayanti,0,0,0.0,0.0,low,1,Night
GR19,Shivaji Park,Green Line,2024-01-23 05:00:00,5,1,0,0,0,18.0,0.0,Clear,1,Netaji Jayanti,0,0,0.0,0.0,low,1,Night
GR19,Shivaji Park,Green Line,2024-01-23 06:00:00,6,1,0,33,4,19.7,0.0,Clear,1,Netaji Jayanti,33,0,8.2,0.259,low,2,Night
GR19,Shivaji Park,Green Line,2024-01-23 07:00:00,7,1,0,128,6,20.2,0.0,Clear,1,Netaji Jayanti,161,0,21.3,0.674,high,4,Night
GR19,Shivaji Park,Green Line,2024-01-23 08:00:00,8,1,0,388,14,22.5,0.0,Clear,1,Netaji Jayanti,549,1,27.7,0.877,high,5,Morning Peak
GR19,Shivaji Park,Green Line,2024-01-23 09:00:00,9,1,0,475,14,21.7,0.0,Clear,1,Netaji Jayanti,991,1,33.9,1.0,high,5,Morning Peak
GR19,Shivaji Park,Green Line,2024-01-23 10:00:00,10,1,0,280,14,22.6,0.0,Cloudy,1,Netaji Jayanti,1143,1,20.0,0.633,medium,4,Morning Peak
GR19,Shivaji Park,Green Line,2024-01-23 11:00:00,11,1,0,196,7,23.2,0.0,Clear,1,Netaji Jayanti,951,0,28.0,0.886,high,5,Mid Morning
GR19,Shivaji Park,Green Line,2024-01-23 12:00:00,12,1,0,211,7,20.3,0.0,Cloudy,1,Netaji Jayanti,687,0,30.1,0.953,high,5,Mid Morning
GR19,Shivaji Park,Green Line,2024-01-23 13:00:00,13,1,0,194,7,21.1,0.0,Clear,1,Netaji Jayanti,601,0,27.7,0.877,high,5,Mid Morning
GR19,Shivaji Park,Green Line,2024-01-23 14:00:00,14,1,0,163,7,18.4,0.0,Clear,1,Netaji Jayanti,568,0,23.3,0.737,high,4,Afternoon
GR19,Shivaji Park,Green Line,2024-01-23 15:00:00,15,1,0,206,7,15.7,0.0,Clear,1,Netaji Jayanti,563,0,29.4,0.93,high,5,Afternoon
GR19,Shivaji Park,Green Line,2024-01-23 16:00:00,16,1,0,225,7,15.3,0.0,Clear,1,Netaji Jayanti,594,0,32.1,1.0,high,5,Afternoon
GR19,Shivaji Park,Green Line,2024-01-23 17:00:00,17,1,0,359,13,15.2,0.0,Clear,1,Netaji Jayanti,790,1,27.6,0.873,high,5,Evening Peak
GR19,Shivaji Park,Green Line,2024-01-23 18:00:00,18,1,0,431,13,13.6,0.0,Clear,1,Netaji Jayanti,1015,1,33.2,1.0,high,5,Evening Peak
GR19,Shivaji Park,Green Line,2024-01-23 19:00:00,19,1,0,400,13,14.6,0.0,Cloudy,1,Netaji Jayanti,1190,1,30.8,0.975,high,5,Evening Peak
GR19,Shivaji Park,Green Line,2024-01-23 20:00:00,20,1,0,282,13,15.3,0.0,Clear,1,Netaji Jayanti,1113,1,21.7,0.687,high,4,Evening Peak
GR19,Shivaji Park,Green Line,2024-01-23 21:00:00,21,1,0,118,5,13.2,0.0,Clear,1,Netaji Jayanti,800,0,23.6,0.747,high,4,Night
GR19,Shivaji Park,Green Line,2024-01-23 22:00:00,22,1,0,57,5,11.5,0.0,Cloudy,1,Netaji Jayanti,457,0,11.4,0.361,medium,3,Night
GR19,Shivaji Park,Green Line,2024-01-23 23:00:00,23,1,0,16,0,13.7,0.0,Clear,1,Netaji Jayanti,191,0,0.0,0.0,low,1,Night
GR19,Shivaji Park,Green Line,2024-01-24 00:00:00,0,2,0,0,0,14.9,0.0,Clear,0,,73,0,0.0,0.0,low,1,Night
GR19,Shivaji Park,Green Line,2024-01-24 01:00:00,1,2,0,0,0,16.4,0.0,Clear,0,,16,0,0.0,0.0,low,1,Night
GR19,Shivaji Park,Green Line,2024-01-24 02:00:00,2,2,0,0,0,17.7,0.0,Clear,0,,0,0,0.0,0.0,low,1,Night
GR19,Shivaji Park,Green Line,2024-01-24 03:00:00,3,2,0,0,0,17.0,0.0,Clear,0,,0,0,0.0,0.0,low,1,Night
GR19,Shivaji Park,Green Line,2024-01-24 04:00:00,4,2,0,0,0,18.6,0.0,Clear,0,,0,0,0.0,0.0,low,1,Night
GR19,Shivaji Park,Green Line,2024-01-24 05:00:00,5,2,0,0,0,17.0,0.0,Clear,0,,0,0,0.0,0.0,low,1,Night
GR19,Shivaji Park,Green Line,2024-01-24 06:00:00,6,2,0,33,4,17.7,0.0,Clear,0,,33,0,8.2,0.259,low,2,Night
GR19,Shivaji Park,Green Line,2024-01-24 07:00:00,7,2,0,112,6,22.1,0.0,Clear,0,,145,0,18.7,0.592,medium,4,Night
GR19,Shivaji Park,Green Line,2024-01-24 08:00:00,8,2,0,366,14,23.0,0.0,Clear,0,,511,1,26.1,0.826,high,5,Morning Peak
GR19,Shivaji Park,Green Line,2024-01-24 09:00:00,9,2,0,421,14,23.4,0.0,Clear,0,,899,1,30.1,0.953,high,5,Morning Peak
GR19,Shivaji Park,Green Line,2024-01-24 10:00:00,10,2,0,291,14,23.6,0.0,Clear,0,,1078,1,20.8,0.658,high,4,Morning Peak
GR19,Shivaji Park,Green Line,2024-01-24 11:00:00,11,2,0,216,7,21.5,0.0,Clear,0,,928,0,30.9,0.978,high,5,Mid Morning
GR19,Shivaji Park,Green Line,2024-01-24 12:00:00,12,2,0,206,7,23.0,0.0,Clear,0,,713,0,29.4,0.93,high,5,Mid Morning
GR19,Shivaji Park,Green Line,2024-01-24 13:00:00,13,2,0,176,7,20.1,0.0,Clear,0,,598,0,25.1,0.794,high,5,Mid Morning
GR19,Shivaji Park,Green Line,2024-01-24 14:00:00,14,2,0,171,7,18.2,0.0,Clear,0,,553,0,24.4,0.772,high,5,Afternoon
GR19,Shivaji Park,Green Line,2024-01-24 15:00:00,15,2,0,174,7,16.6,0.0,Clear,0,,521,0,24.9,0.788,high,5,Afternoon
GR19,Shivaji Park,Green Line,2024-01-24 16:00:00,16,2,0,225,7,14.9,0.0,Clear,0,,570,0,32.1,1.0,high,5,Afternoon
GR19,Shivaji Park,Green Line,2024-01-24 17:00:00,17,2,0,339,13,15.3,0.0,Clear,0,,738,1,26.1,0.826,high,5,Evening Peak
GR19,Shivaji Park,Green Line,2024-01-24 18:00:00,18,2,0,396,13,13.8,0.0,Clear,0,,960,1,30.5,0.965,high,5,Evening Peak
GR19,Shivaji Park,Green Line,2024-01-24 19:00:00,19,2,0,373,13,14.7,0.0,Clear,0,,1108,1,28.7,0.908,high,5,Evening Peak
GR19,Shivaji Park,Green Line,2024-01-24 20:00:00,20,2,0,250,13,12.8,0.0,Clear,0,,1019,1,19.2,0.608,medium,4,Evening Peak
GR19,Shivaji Park,Green Line,2024-01-24 21:00:00,21,2,0,118,5,13.8,0.0,Clear,0,,741,0,23.6,0.747,high,4,Night
GR19,Shivaji Park,Green Line,2024-01-24 22:00:00,22,2,0,51,5,13.9,0.0,Clear,0,,419,0,10.2,0.323,low,2,Night
GR19,Shivaji Park,Green Line,2024-01-24 23:00:00,23,2,0,16,0,15.8,0.0,Clear,0,,185,0,0.0,0.0,low,1,Night
GR19,Shivaji Park,Green Line,2024-01-25 00:00:00,0,3,0,0,0,16.3,0.0,Clear,0,,67,0,0.0,0.0,low,1,Night
GR19,Shivaji Park,Green Line,2024-01-25 01:00:00,1,3,0,0,0,16.9,0.0,Clear,0,,16,0,0.0,0.0,low,1,Night
GR19,Shivaji Park,Green Line,2024-01-25 02:00:00,2,3,0,0,0,17.6,0.0,Clear,0,,0,0,0.0,0.0,low,1,Night
GR19,Shivaji Park,Green Line,2024-01-25 03:00:00,3,3,0,0,0,16.6,0.0,Clear,0,,0,0,0.0,0.0,low,1,Night
GR19,Shivaji Park,Green Line,2024-01-25 04:00:00,4,3,0,0,0,19.2,0.0,Clear,0,,0,0,0.0,0.0,low,1,Night
GR19,Shivaji Park,Green Line,2024-01-25 05:00:00,5,3,0,0,0,16.5,0.0,Cloudy,0,,0,0,0.0,0.0,low,1,Night
GR19,Shivaji Park,Green Line,2024-01-25 06:00:00,6,3,0,34,4,17.6,0.0,Cloudy,0,,34,0,8.5,0.269,low,2,Night
GR19,Shivaji Park,Green Line,2024-01-25 07:00:00,7,3,0,126,6,20.7,0.0,Clear,0,,160,0,21.0,0.665,high,4,Night
GR19,Shivaji Park,Green Line,2024-01-25 08:00:00,8,3,0,341,14,23.0,0.0,Cloudy,0,,501,1,24.4,0.772,high,5,Morning Peak
GR19,Shivaji Park,Green Line,2024-01-25 09:00:00,9,3,0,423,14,23.9,0.0,Clear,0,,890,1,30.2,0.956,high,5,Morning Peak
GR19,Shivaji Park,Green Line,2024-01-25 10:00:00,10,3,0,297,14,23.9,0.0,Cloudy,0,,1061,1,21.2,0.671,high,4,Morning Peak
GR19,Shivaji Park,Green Line,2024-01-25 11:00:00,11,3,0,197,7,23.6,0.0,Clear,0,,917,0,28.1,0.889,high,5,Mid Morning
GR19,Shivaji Park,Green Line,2024-01-25 12:00:00,12,3,0,186,7,22.6,0.0,Clear,0,,680,0,26.6,0.842,high,5,Mid Morning
GR19,Shivaji Park,Green Line,2024-01-25 13:00:00,13,3,0,194,7,20.1,0.0,Clear,0,,577,0,27.7,0.877,high,5,Mid Morning
GR19,Shivaji Park,Green Line,2024-01-25 14:00:00,14,3,0,180,7,19.2,0.0,Clear,0,,560,0,25.7,0.813,high,5,Afternoon
GR19,Shivaji Park,Green Line,2024-01-25 15:00:00,15,3,0,197,7,17.4,0.0,Clear,0,,571,0,28.1,0.889,high,5,Afternoon
GR19,Shivaji Park,Green Line,2024-01-25 16:00:00,16,3,0,210,7,14.9,0.0,Cloudy,0,,587,0,30.0,0.949,high,5,Afternoon
GR19,Shivaji Park,Green Line,2024-01-25 17:00:00,17,3,0,348,13,14.4,0.0,Clear,0,,755,1,26.8,0.848,high,5,Evening Peak
GR19,Shivaji Park,Green Line,2024-01-25 18:00:00,18,3,0,426,13,16.4,0.0,Clear,0,,984,1,32.8,1.0,high,5,Evening Peak
GR19,Shivaji Park,Green Line,2024-01-25 19:00:00,19,3,0,383,13,13.7,0.0,Clear,0,,1157,1,29.5,0.934,high,5,Evening Peak
GR19,Shivaji Park,Green Line,2024-01-25 20:00:00,20,3,0,256,13,15.4,0.0,Clear,0,,1065,1,19.7,0.623,medium,4,Evening Peak
GR19,Shivaji Park,Green Line,2024-01-25 21:00:00,21,3,0,124,5,14.0,0.0,Clear,0,,763,0,24.8,0.785,high,5,Night
GR19,Shivaji Park,Green Line,2024-01-25 22:00:00,22,3,0,48,5,13.4,0.0,Clear,0,,428,0,9.6,0.304,low,2,Night
GR19,Shivaji Park,Green Line,2024-01-25 23:00:00,23,3,0,16,0,15.5,0.0,Clear,0,,188,0,0.0,0.0,low,1,Night
GR19,Shivaji Park,Green Line,2024-01-26 00:00:00,0,4,0,0,0,17.8,0.0,Clear,1,Republic Day,64,0,0.0,0.0,low,1,Night
GR19,Shivaji Park,Green Line,2024-01-26 01:00:00,1,4,0,0,0,18.6,0.0,Cloudy,1,Republic Day,16,0,0.0,0.0,low,1,Night
GR19,Shivaji Park,Green Line,2024-01-26 02:00:00,2,4,0,0,0,19.2,0.0,Clear,1,Republic Day,0,0,0.0,0.0,low,1,Night
GR19,Shivaji Park,Green Line,2024-01-26 03:00:00,3,4,0,0,0,18.7,0.0,Clear,1,Republic Day,0,0,0.0,0.0,low,1,Night
GR19,Shivaji Park,Green Line,2024-01-26 04:00:00,4,4,0,0,0,17.5,0.0,Clear,1,Republic Day,0,0,0.0,0.0,low,1,Night
GR19,Shivaji Park,Green Line,2024-01-26 05:00:00,5,4,0,0,0,16.7,0.0,Clear,1,Republic Day,0,0,0.0,0.0,low,1,Night
GR19,Shivaji Park,Green Line,2024-01-26 06:00:00,6,4,0,46,4,20.0,0.0,Clear,1,Republic Day,46,0,11.5,0.364,medium,3,Night
GR19,Shivaji Park,Green Line,2024-01-26 07:00:00,7,4,0,200,6,20.8,0.0,Cloudy,1,Republic Day,246,0,33.3,1.0,high,5,Night
GR19,Shivaji Park,Green Line,2024-01-26 08:00:00,8,4,0,539,14,24.2,0.0,Clear,1,Republic Day,785,1,38.5,1.0,high,5,Morning Peak
GR19,Shivaji Park,Green Line,2024-01-26 09:00:00,9,4,0,715,14,24.3,0.0,Clear,1,Republic Day,1454,1,51.1,1.0,high,5,Morning Peak
GR19,Shivaji Park,Green Line,2024-01-26 10:00:00,10,4,0,411,14,24.2,0.0,Clear,1,Republic Day,1665,1,29.4,0.93,high,5,Morning Peak
GR19,Shivaji Park,Green Line,2024-01-26 11:00:00,11,4,0,323,7,23.4,0.0,Clear,1,Republic Day,1449,0,46.1,1.0,high,5,Mid Morning
GR19,Shivaji Park,Green Line,2024-01-26 12:00:00,12,4,0,333,7,22.6,0.0,Clear,1,Republic Day,1067,0,47.6,1.0,high,5,Mid Morning
GR19,Shivaji Park,Green Line,2024-01-26 13:00:00,13,4,0,285,7,20.4,0.0,Clear,1,Republic Day,941,0,40.7,1.0,high,5,Mid Morning
GR19,Shivaji Park,Green Line,2024-01-26 14:00:00,14,4,0,267,7,19.2,0.0,Clear,1,Republic Day,885,0,38.1,1.0,high,5,Afternoon
GR19,Shivaji Park,Green Line,2024-01-26 15:00:00,15,4,0,282,7,17.5,0.0,Clear,1,Republic Day,834,0,40.3,1.0,high,5,Afternoon
GR19,Shivaji Park,Green Line,2024-01-26 16:00:00,16,4,0,320,7,16.2,0.0,Clear,1,Republic Day,869,0,45.7,1.0,high,5,Afternoon
GR19,Shivaji Park,Green Line,2024-01-26 17:00:00,17,4,0,553,13,17.0,0.0,Clear,1,Republic Day,1155,1,42.5,1.0,high,5,Evening Peak
GR19,Shivaji Park,Green Line,2024-01-26 18:00:00,18,4,0,657,13,16.2,0.0,Clear,1,Republic Day,1530,1,50.5,1.0,high,5,Evening Peak
GR19,Shivaji Park,Green Line,2024-01-26 19:00:00,19,4,0,535,13,17.0,0.0,Clear,1,Republic Day,1745,1,41.2,1.0,high,5,Evening Peak
GR19,Shivaji Park,Green Line,2024-01-26 20:00:00,20,4,0,389,13,12.9,0.0,Clear,1,Republic Day,1581,1,29.9,0.946,high,5,Evening Peak
GR19,Shivaji Park,Green Line,2024-01-26 21:00:00,21,4,0,195,5,12.5,0.0,Clear,1,Republic Day,1119,0,39.0,1.0,high,5,Night
GR19,Shivaji Park,Green Line,2024-01-26 22:00:00,22,4,0,77,5,15.4,0.0,Clear,1,Republic Day,661,0,15.4,0.487,medium,3,Night
GR19,Shivaji Park,Green Line,2024-01-26 23:00:00,23,4,0,26,0,14.5,0.0,Clear,1,Republic Day,298,0,0.0,0.0,low,1,Night
GR19,Shivaji Park,Green Line,2024-01-27 00:00:00,0,5,1,0,0,17.2,0.0,Clear,0,,103,0,0.0,0.0,low,1,Night
GR19,Shivaji Park,Green Line,2024-01-27 01:00:00,1,5,1,0,0,15.8,0.0,Clear,0,,26,0,0.0,0.0,low,1,Night
GR19,Shivaji Park,Green Line,2024-01-27 02:00:00,2,5,1,0,0,18.6,0.0,Clear,0,,0,0,0.0,0.0,low,1,Night
GR19,Shivaji Park,Green Line,2024-01-27 03:00:00,3,5,1,0,0,18.2,0.0,Clear,0,,0,0,0.0,0.0,low,1,Night
GR19,Shivaji Park,Green Line,2024-01-27 04:00:00,4,5,1,0,0,18.4,0.0,Clear,0,,0,0,0.0,0.0,low,1,Night
GR19,Shivaji Park,Green Line,2024-01-27 05:00:00,5,5,1,0,0,16.2,0.0,Clear,0,,0,0,0.0,0.0,low,1,Night
GR19,Shivaji Park,Green Line,2024-01-27 06:00:00,6,5,1,22,4,18.7,0.0,Clear,0,,22,0,5.5,0.174,low,2,Night
GR19,Shivaji Park,Green Line,2024-01-27 07:00:00,7,5,1,91,6,21.3,0.0,Clear,0,,113,0,15.2,0.481,medium,3,Night
GR19,Shivaji Park,Green Line,2024-01-27 08:00:00,8,5,1,258,14,23.2,0.0,Clear,0,,371,1,18.4,0.582,medium,4,Morning Peak
GR19,Shivaji Park,Green Line,2024-01-27 09:00:00,9,5,1,335,14,22.7,0.0,Clear,0,,684,1,23.9,0.756,high,5,Morning Peak
GR19,Shivaji Park,Green Line,2024-01-27 10:00:00,10,5,1,201,14,24.8,0.0,Clear,0,,794,1,14.4,0.456,medium,3,Morning Peak
GR19,Shivaji Park,Green Line,2024-01-27 11:00:00,11,5,1,155,7,23.0,0.0,Clear,0,,691,0,22.1,0.699,high,4,Mid Morning
GR19,Shivaji Park,Green Line,2024-01-27 12:00:00,12,5,1,137,7,23.0,0.0,Clear,0,,493,0,19.6,0.62,medium,4,Mid Morning
GR19,Shivaji Park,Green Line,2024-01-27 13:00:00,13,5,1,123,7,20.5,0.0,Clear,0,,415,0,17.6,0.557,medium,4,Mid Morning
GR19,Shivaji Park,Green Line,2024-01-27 14:00:00,14,5,1,115,7,20.9,0.0,Clear,0,,375,0,16.4,0.519,medium,3,Afternoon
GR19,Shivaji Park,Green Line,2024-01-27 15:00:00,15,5,1,135,7,15.7,0.0,Clear,0,,373,0,19.3,0.611,medium,4,Afternoon
GR19,Shivaji Park,Green Line,2024-01-27 16:00:00,16,5,1,156,7,16.4,0.0,Clear,0,,406,0,22.3,0.706,high,4,Afternoon
GR19,Shivaji Park,Green Line,2024-01-27 17:00:00,17,5,1,238,13,15.0,0.0,Cloudy,0,,529,1,18.3,0.579,medium,4,Evening Peak
GR19,Shivaji Park,Green Line,2024-01-27 18:00:00,18,5,1,290,13,15.7,0.0,Clear,0,,684,1,22.3,0.706,high,4,Evening Peak
GR19,Shivaji Park,Green Line,2024-01-27 19:00:00,19,5,1,262,13,14.6,0.0,Clear,0,,790,1,20.2,0.639,medium,4,Evening Peak
GR19,Shivaji Park,Green Line,2024-01-27 20:00:00,20,5,1,207,13,13.3,0.0,Clear,0,,759,1,15.9,0.503,medium,3,Evening Peak
GR19,Shivaji Park,Green Line,2024-01-27 21:00:00,21,5,1,93,5,17.1,0.0,Clear,0,,562,0,18.6,0.589,medium,4,Night
GR19,Shivaji Park,Green Line,2024-01-27 22:00:00,22,5,1,35,5,15.1,0.0,Clear,0,,335,0,7.0,0.222,low,2,Night
GR19,Shivaji Park,Green Line,2024-01-27 23:00:00,23,5,1,11,0,14.0,0.0,Clear,0,,139,0,0.0,0.0,low,1,Night
GR19,Shivaji Park,Green Line,2024-01-28 00:00:00,0,6,1,0,0,17.3,0.0,Clear,0,,46,0,0.0,0.0,low,1,Night
GR19,Shivaji Park,Green Line,2024-01-28 01:00:00,1,6,1,0,0,18.1,0.0,Clear,0,,11,0,0.0,0.0,low,1,Night
GR19,Shivaji Park,Green Line,2024-01-28 02:00:00,2,6,1,0,0,16.3,0.0,Clear,0,,0,0,0.0,0.0,low,1,Night
GR19,Shivaji Park,Green Line,2024-01-28 03:00:00,3,6,1,0,0,19.0,0.0,Clear,0,,0,0,0.0,0.0,low,1,Night
GR19,Shivaji Park,Green Line,2024-01-28 04:00:00,4,6,1,0,0,19.4,0.0,Clear,0,,0,0,0.0,0.0,low,1,Night
GR19,Shivaji Park,Green Line,2024-01-28 05:00:00,5,6,1,0,0,18.6,0.0,Clear,0,,0,0,0.0,0.0,low,1,Night
GR19,Shivaji Park,Green Line,2024-01-28 06:00:00,6,6,1,24,4,18.7,0.0,Clear,0,,24,0,6.0,0.19,low,2,Night
GR19,Shivaji Park,Green Line,2024-01-28 07:00:00,7,6,1,90,6,20.7,0.0,Clear,0,,114,0,15.0,0.475,medium,3,Night
GR19,Shivaji Park,Green Line,2024-01-28 08:00:00,8,6,1,260,14,22.5,0.0,Clear,0,,374,1,18.6,0.589,medium,4,Morning Peak
GR19,Shivaji Park,Green Line,2024-01-28 09:00:00,9,6,1,290,14,22.8,0.0,Cloudy,0,,640,1,20.7,0.655,high,4,Morning Peak
GR19,Shivaji Park,Green Line,2024-01-28 10:00:00,10,6,1,214,14,26.4,0.0,Clear,0,,764,1,15.3,0.484,medium,3,Morning Peak
GR19,Shivaji Park,Green Line,2024-01-28 11:00:00,11,6,1,145,7,25.3,0.0,Clear,0,,649,0,20.7,0.655,high,4,Mid Morning
GR19,Shivaji Park,Green Line,2024-01-28 12:00:00,12,6,1,146,7,23.8,0.0,Clear,0,,505,0,20.9,0.661,high,4,Mid Morning
GR19,Shivaji Park,Green Line,2024-01-28 13:00:00,13,6,1,127,7,22.2,0.0,Clear,0,,418,0,18.1,0.573,medium,4,Mid Morning
GR19,Shivaji Park,Green Line,2024-01-28 14:00:00,14,6,1,129,7,18.8,0.0,Clear,0,,402,0,18.4,0.582,medium,4,Afternoon
GR19,Shivaji Park,Green Line,2024-01-28 15:00:00,15,6,1,130,7,17.6,0.0,Clear,0,,386,0,18.6,0.589,medium,4,Afternoon
GR19,Shivaji Park,Green Line,2024-01-28 16:00:00,16,6,1,171,7,17.4,0.0,Clear,0,,430,0,24.4,0.772,high,5,Afternoon
GR19,Shivaji Park,Green Line,2024-01-28 17:00:00,17,6,1,245,13,16.1,0.0,Clear,0,,546,1,18.8,0.595,medium,4,Evening Peak
GR19,Shivaji Park,Green Line,2024-01-28 18:00:00,18,6,1,267,13,15.9,0.0,Clear,0,,683,1,20.5,0.649,medium,4,Evening Peak
GR19,Shivaji Park,Green Line,2024-01-28 19:00:00,19,6,1,277,13,15.5,0.0,Clear,0,,789,1,21.3,0.674,high,4,Evening Peak
GR19,Shivaji Park,Green Line,2024-01-28 20:00:00,20,6,1,207,13,12.9,0.0,Clear,0,,751,1,15.9,0.503,medium,3,Evening Peak
GR19,Shivaji Park,Green Line,2024-01-28 21:00:00,21,6,1,88,5,16.1,0.0,Clear,0,,572,0,17.6,0.557,medium,4,Night
GR19,Shivaji Park,Green Line,2024-01-28 22:00:00,22,6,1,35,5,15.7,0.0,Clear,0,,330,0,7.0,0.222,low,2,Night
GR19,Shivaji Park,Green Line,2024-01-28 23:00:00,23,6,1,11,0,12.5,0.0,Clear,0,,134,0,0.0,0.0,low,1,Night
GR19,Shivaji Park,Green Line,2024-01-29 00:00:00,0,0,0,0,0,18.1,0.0,Clear,0,,46,0,0.0,0.0,low,1,Night
GR19,Shivaji Park,Green Line,2024-01-29 01:00:00,1,0,0,0,0,17.1,0.0,Clear,0,,11,0,0.0,0.0,low,1,Night
GR19,Shivaji Park,Green Line,2024-01-29 02:00:00,2,0,0,0,0,17.6,0.0,Clear,0,,0,0,0.0,0.0,low,1,Night
GR19,Shivaji Park,Green Line,2024-01-29 03:00:00,3,0,0,0,0,17.8,0.0,Cloudy,0,,0,0,0.0,0.0,low,1,Night
GR19,Shivaji Park,Green Line,2024-01-29 04:00:00,4,0,0,0,0,19.3,0.0,Clear,0,,0,0,0.0,0.0,low,1,Night
GR19,Shivaji Park,Green Line,2024-01-29 05:00:00,5,0,0,0,0,18.8,0.0,Clear,0,,0,0,0.0,0.0,low,1,Night
GR19,Shivaji Park,Green Line,2024-01-29 06:00:00,6,0,0,34,4,19.4,0.0,Clear,0,,34,0,8.5,0.269,low,2,Night
GR19,Shivaji Park,Green Line,2024-01-29 07:00:00,7,0,0,125,6,21.2,0.0,Clear,0,,159,0,20.8,0.658,high,4,Night
GR19,Shivaji Park,Green Line,2024-01-29 08:00:00,8,0,0,348,14,24.7,0.0,Clear,0,,507,1,24.9,0.788,high,5,Morning Peak
GR19,Shivaji Park,Green Line,2024-01-29 09:00:00,9,0,0,433,14,24.2,0.0,Clear,0,,906,1,30.9,0.978,high,5,Morning Peak
GR19,Shivaji Park,Green Line,2024-01-29 10:00:00,10,0,0,268,14,24.7,0.0,Clear,0,,1049,1,19.1,0.604,medium,4,Morning Peak
GR19,Shivaji Park,Green Line,2024-01-29 11:00:00,11,0,0,195,7,23.7,0.0,Clear,0,,896,0,27.9,0.883,high,5,Mid Morning
GR19,Shivaji Park,Green Line,2024-01-29 12:00:00,12,0,0,207,7,21.5,0.0,Clear,0,,670,0,29.6,0.937,high,5,Mid Morning
GR19,Shivaji Park,Green Line,2024-01-29 13:00:00,13,0,0,179,7,20.9,0.0,Clear,0,,581,0,25.6,0.81,high,5,Mid Morning
GR19,Shivaji Park,Green Line,2024-01-29 14:00:00,14,0,0,165,7,20.3,0.0,Cloudy,0,,551,0,23.6,0.747,high,4,Afternoon
GR19,Shivaji Park,Green Line,2024-01-29 15:00:00,15,0,0,170,7,18.2,0.0,Clear,0,,514,0,24.3,0.769,high,5,Afternoon
GR19,Shivaji Park,Green Line,2024-01-29 16:00:00,16,0,0,218,7,18.8,0.0,Clear,0,,553,0,31.1,0.984,high,5,Afternoon
GR19,Shivaji Park,Green Line,2024-01-29 17:00:00,17,0,0,349,13,15.8,0.0,Clear,0,,737,1,26.8,0.848,high,5,Evening Peak
GR19,Shivaji Park,Green Line,2024-01-29 18:00:00,18,0,0,389,13,16.3,0.0,Clear,0,,956,1,29.9,0.946,high,5,Evening Peak
GR19,Shivaji Park,Green Line,2024-01-29 19:00:00,19,0,0,370,13,16.2,0.0,Clear,0,,1108,1,28.5,0.902,high,5,Evening Peak
GR19,Shivaji Park,Green Line,2024-01-29 20:00:00,20,0,0,267,13,15.4,0.0,Clear,0,,1026,1,20.5,0.649,medium,4,Evening Peak
GR19,Shivaji Park,Green Line,2024-01-29 21:00:00,21,0,0,124,5,14.4,0.0,Clear,0,,761,0,24.8,0.785,high,5,Night
GR19,Shivaji Park,Green Line,2024-01-29 22:00:00,22,0,0,52,5,13.9,0.0,Clear,0,,443,0,10.4,0.329,low,2,Night
GR19,Shivaji Park,Green Line,2024-01-29 23:00:00,23,0,0,16,0,16.0,0.0,Clear,0,,192,0,0.0,0.0,low,1,Night
GR19,Shivaji Park,Green Line,2024-01-30 00:00:00,0,1,0,0,0,17.7,0.0,Clear,0,,68,0,0.0,0.0,low,1,Night
GR19,Shivaji Park,Green Line,2024-01-30 01:00:00,1,1,0,0,0,18.3,0.0,Clear,0,,16,0,0.0,0.0,low,1,Night
GR19,Shivaji Park,Green Line,2024-01-30 02:00:00,2,1,0,0,0,18.2,0.0,Clear,0,,0,0,0.0,0.0,low,1,Night
GR19,Shivaji Park,Green Line,2024-01-30 03:00:00,3,1,0,0,0,18.2,0.0,Clear,0,,0,0,0.0,0.0,low,1,Night
GR19,Shivaji Park,Green Line,2024-01-30 04:00:00,4,1,0,0,0,18.4,0.0,Clear,0,,0,0,0.0,0.0,low,1,Night
GR19,Shivaji Park,Green Line,2024-01-30 05:00:00,5,1,0,0,0,17.5,0.0,Clear,0,,0,0,0.0,0.0,low,1,Night
GR19,Shivaji Park,Green Line,2024-01-30 06:00:00,6,1,0,31,4,17.2,0.0,Clear,0,,31,0,7.8,0.247,low,2,Night
GR19,Shivaji Park,Green Line,2024-01-30 07:00:00,7,1,0,126,6,21.4,0.0,Cloudy,0,,157,0,21.0,0.665,high,4,Night
GR19,Shivaji Park,Green Line,2024-01-30 08:00:00,8,1,0,354,14,23.7,0.0,Clear,0,,511,1,25.3,0.801,high,5,Morning Peak
GR19,Shivaji Park,Green Line,2024-01-30 09:00:00,9,1,0,412,14,26.3,0.0,Clear,0,,892,1,29.4,0.93,high,5,Morning Peak
GR19,Shivaji Park,Green Line,2024-01-30 10:00:00,10,1,0,303,14,25.5,0.0,Clear,0,,1069,1,21.6,0.684,high,4,Morning Peak
GR19,Shivaji Park,Green Line,2024-01-30 11:00:00,11,1,0,209,7,24.3,0.0,Clear,0,,924,0,29.9,0.946,high,5,Mid Morning
GR19,Shivaji Park,Green Line,2024-01-30 12:00:00,12,1,0,187,7,22.9,0.0,Clear,0,,699,0,26.7,0.845,high,5,Mid Morning
GR19,Shivaji Park,Green Line,2024-01-30 13:00:00,13,1,0,184,7,21.9,0.0,Clear,0,,580,0,26.3,0.832,high,5,Mid Morning
GR19,Shivaji Park,Green Line,2024-01-30 14:00:00,14,1,0,157,7,19.1,0.0,Clear,0,,528,0,22.4,0.709,high,4,Afternoon
GR19,Shivaji Park,Green Line,2024-01-30 15:00:00,15,1,0,186,7,17.7,0.0,Clear,0,,527,0,26.6,0.842,high,5,Afternoon
GR19,Shivaji Park,Green Line,2024-01-30 16:00:00,16,1,0,216,7,17.3,0.0,Clear,0,,559,0,30.9,0.978,high,5,Afternoon
GR19,Shivaji Park,Green Line,2024-01-30 17:00:00,17,1,0,319,13,15.9,0.0,Clear,0,,721,1,24.5,0.775,high,5,Evening Peak
GR19,Shivaji Park,Green Line,2024-01-30 18:00:00,18,1,0,417,13,15.8,0.0,Clear,0,,952,1,32.1,1.0,high,5,Evening Peak
GR19,Shivaji Park,Green Line,2024-01-30 19:00:00,19,1,0,339,13,17.5,0.0,Clear,0,,1075,1,26.1,0.826,high,5,Evening Peak
GR19,Shivaji Park,Green Line,2024-01-30 20:00:00,20,1,0,277,13,14.8,0.0,Clear,0,,1033,1,21.3,0.674,high,4,Evening Peak
GR19,Shivaji Park,Green Line,2024-01-30 21:00:00,21,1,0,129,5,15.2,0.0,Clear,0,,745,0,25.8,0.816,high,5,Night
GR19,Shivaji Park,Green Line,2024-01-30 22:00:00,22,1,0,54,5,15.8,0.0,Clear,0,,460,0,10.8,0.342,low,2,Night
GR19,Shivaji Park,Green Line,2024-01-30 23:00:00,23,1,0,16,0,16.4,0.0,Clear,0,,199,0,0.0,0.0,low,1,Night
GR19,Shivaji Park,Green Line,2024-01-31 00:00:00,0,2,0,0,0,16.5,0.0,Clear,0,,70,0,0.0,0.0,low,1,Night
GR19,Shivaji Park,Green Line,2024-01-31 01:00:00,1,2,0,0,0,16.9,0.0,Clear,0,,16,0,0.0,0.0,low,1,Night
GR19,Shivaji Park,Green Line,2024-01-31 02:00:00,2,2,0,0,0,19.4,0.0,Clear,0,,0,0,0.0,0.0,low,1,Night
GR19,Shivaji Park,Green Line,2024-01-31 03:00:00,3,2,0,0,0,19.2,0.0,Clear,0,,0,0,0.0,0.0,low,1,Night
GR19,Shivaji Park,Green Line,2024-01-31 04:00:00,4,2,0,0,0,16.9,0.0,Clear,0,,0,0,0.0,0.0,low,1,Night
GR19,Shivaji Park,Green Line,2024-01-31 05:00:00,5,2,0,0,0,17.5,0.0,Clear,0,,0,0,0.0,0.0,low,1,Night
GR19,Shivaji Park,Green Line,2024-01-31 06:00:00,6,2,0,33,4,19.9,0.0,Clear,0,,33,0,8.2,0.259,low,2,Night
GR19,Shivaji Park,Green Line,2024-01-31 07:00:00,7,2,0,126,6,19.8,0.0,Clear,0,,159,0,21.0,0.665,high,4,Night
GR19,Shivaji Park,Green Line,2024-01-31 08:00:00,8,2,0,347,14,24.2,0.0,Clear,0,,506,1,24.8,0.785,high,5,Morning Peak
GR19,Shivaji Park,Green Line,2024-01-31 09:00:00,9,2,0,406,14,22.4,0.0,Clear,0,,879,1,29.0,0.918,high,5,Morning Peak
GR19,Shivaji Park,Green Line,2024-01-31 10:00:00,10,2,0,293,14,24.0,0.0,Clear,0,,1046,1,20.9,0.661,high,4,Morning Peak
GR19,Shivaji Park,Green Line,2024-01-31 11:00:00,11,2,0,208,7,26.5,0.0,Clear,0,,907,0,29.7,0.94,high,5,Mid Morning
GR19,Shivaji Park,Green Line,2024-01-31 12:00:00,12,2,0,191,7,21.7,0.0,Clear,0,,692,0,27.3,0.864,high,5,Mid Morning
GR19,Shivaji Park,Green Line,2024-01-31 13:00:00,13,2,0,186,7,20.1,0.0,Clear,0,,585,0,26.6,0.842,high,5,Mid Morning
GR19,Shivaji Park,Green Line,2024-01-31 14:00:00,14,2,0,180,7,19.9,0.0,Clear,0,,557,0,25.7,0.813,high,5,Afternoon
GR19,Shivaji Park,Green Line,2024-01-31 15:00:00,15,2,0,197,7,16.2,0.0,Clear,0,,563,0,28.1,0.889,high,5,Afternoon
GR19,Shivaji Park,Green Line,2024-01-31 16:00:00,16,2,0,212,7,16.9,0.0,Clear,0,,589,0,30.3,0.959,high,5,Afternoon
GR19,Shivaji Park,Green Line,2024-01-31 17:00:00,17,2,0,352,13,18.1,0.0,Clear,0,,761,1,27.1,0.858,high,5,Evening Peak
GR19,Shivaji Park,Green Line,2024-01-31 18:00:00,18,2,0,388,13,17.0,0.0,Clear,0,,952,1,29.8,0.943,high,5,Evening Peak
GR19,Shivaji Park,Green Line,2024-01-31 19:00:00,19,2,0,361,13,15.4,0.0,Cloudy,0,,1101,1,27.8,0.88,high,5,Evening Peak
GR19,Shivaji Park,Green Line,2024-01-31 20:00:00,20,2,0,253,13,16.2,0.0,Clear,0,,1002,1,19.5,0.617,medium,4,Evening Peak
GR19,Shivaji Park,Green Line,2024-01-31 21:00:00,21,2,0,114,5,15.7,0.0,Clear,0,,728,0,22.8,0.722,high,4,Night
GR19,Shivaji Park,Green Line,2024-01-31 22:00:00,22,2,0,55,5,14.9,0.0,Clear,0,,422,0,11.0,0.348,low,2,Night
GR19,Shivaji Park,Green Line,2024-01-31 23:00:00,23,2,0,15,0,14.8,0.0,Clear,0,,184,0,0.0,0.0,low,1,Night
GR19,Shivaji Park,Green Line,2024-02-01 00:00:00,0,3,0,0,0,14.9,0.0,Clear,0,,70,0,0.0,0.0,low,1,Night
GR19,Shivaji Park,Green Line,2024-02-01 01:00:00,1,3,0,0,0,13.7,0.0,Clear,0,,15,0,0.0,0.0,low,1,Night
GR19,Shivaji Park,Green Line,2024-02-01 02:00:00,2,3,0,0,0,17.2,0.0,Clear,0,,0,0,0.0,0.0,low,1,Night
GR19,Shivaji Park,Green Line,2024-02-01 03:00:00,3,3,0,0,0,17.5,0.0,Clear,0,,0,0,0.0,0.0,low,1,Night
GR19,Shivaji Park,Green Line,2024-02-01 04:00:00,4,3,0,0,0,16.6,0.0,Cloudy,0,,0,0,0.0,0.0,low,1,Night
GR19,Shivaji Park,Green Line,2024-02-01 05:00:00,5,3,0,0,0,16.3,0.0,Clear,0,,0,0,0.0,0.0,low,1,Night
GR19,Shivaji Park,Green Line,2024-02-01 06:00:00,6,3,0,32,4,16.8,0.0,Clear,0,,32,0,8.0,0.253,low,2,Night
GR19,Shivaji Park,Green Line,2024-02-01 07:00:00,7,3,0,116,6,19.8,0.0,Clear,0,,148,0,19.3,0.611,medium,4,Night
GR19,Shivaji Park,Green Line,2024-02-01 08:00:00,8,3,0,349,14,23.0,0.0,Cloudy,0,,497,1,24.9,0.788,high,5,Morning Peak
GR19,Shivaji Park,Green Line,2024-02-01 09:00:00,9,3,0,420,14,24.2,0.0,Cloudy,0,,885,1,30.0,0.949,high,5,Morning Peak
GR19,Shivaji Park,Green Line,2024-02-01 10:00:00,10,3,0,296,14,24.2,0.0,Clear,0,,1065,1,21.1,0.668,high,4,Morning Peak
GR19,Shivaji Park,Green Line,2024-02-01 11:00:00,11,3,0,200,7,24.9,0.0,Clear,0,,916,0,28.6,0.905,high,5,Mid Morning
GR19,Shivaji Park,Green Line,2024-02-01 12:00:00,12,3,0,184,7,22.7,0.0,Clear,0,,680,0,26.3,0.832,high,5,Mid Morning
GR19,Shivaji Park,Green Line,2024-02-01 13:00:00,13,3,0,167,7,20.5,0.0,Clear,0,,551,0,23.9,0.756,high,5,Mid Morning
GR19,Shivaji Park,Green Line,2024-02-01 14:00:00,14,3,0,167,7,18.7,0.0,Clear,0,,518,0,23.9,0.756,high,5,Afternoon
GR19,Shivaji Park,Green Line,2024-02-01 15:00:00,15,3,0,189,7,16.3,0.0,Clear,0,,523,0,27.0,0.854,high,5,Afternoon
GR19,Shivaji Park,Green Line,2024-02-01 16:00:00,16,3,0,230,7,14.6,0.0,Clear,0,,586,0,32.9,1.0,high,5,Afternoon
GR19,Shivaji Park,Green Line,2024-02-01 17:00:00,17,3,0,368,13,13.5,0.0,Clear,0,,787,1,28.3,0.896,high,5,Evening Peak
GR19,Shivaji Park,Green Line,2024-02-01 18:00:00,18,3,0,388,13,14.3,0.0,Clear,0,,986,1,29.8,0.943,high,5,Evening Peak
GR19,Shivaji Park,Green Line,2024-02-01 19:00:00,19,3,0,354,13,13.5,0.0,Clear,0,,1110,1,27.2,0.861,high,5,Evening Peak
GR19,Shivaji Park,Green Line,2024-02-01 20:00:00,20,3,0,293,13,13.9,0.0,Clear,0,,1035,1,22.5,0.712,high,4,Evening Peak
GR19,Shivaji Park,Green Line,2024-02-01 21:00:00,21,3,0,112,5,12.4,0.0,Clear,0,,759,0,22.4,0.709,high,4,Night
GR19,Shivaji Park,Green Line,2024-02-01 22:00:00,22,3,0,53,5,12.7,0.0,Clear,0,,458,0,10.6,0.335,low,2,Night
GR19,Shivaji Park,Green Line,2024-02-01 23:00:00,23,3,0,16,0,12.9,0.0,Clear,0,,181,0,0.0,0.0,low,1,Night
GR19,Shivaji Park,Green Line,2024-02-02 00:00:00,0,4,0,0,0,15.6,0.0,Clear,0,,69,0,0.0,0.0,low,1,Night
GR19,Shivaji Park,Green Line,2024-02-02 01:00:00,1,4,0,0,0,16.1,0.0,Clear,0,,16,0,0.0,0.0,low,1,Night
GR19,Shivaji Park,Green Line,2024-02-02 02:00:00,2,4,0,0,0,16.6,0.0,Clear,0,,0,0,0.0,0.0,low,1,Night
GR19,Shivaji Park,Green Line,2024-02-02 03:00:00,3,4,0,0,0,16.8,0.0,Clear,0,,0,0,0.0,0.0,low,1,Night
GR19,Shivaji Park,Green Line,2024-02-02 04:00:00,4,4,0,0,0,16.3,0.0,Clear,0,,0,0,0.0,0.0,low,1,Night
GR19,Shivaji Park,Green Line,2024-02-02 05:00:00,5,4,0,0,0,15.2,0.0,Clear,0,,0,0,0.0,0.0,low,1,Night
GR19,Shivaji Park,Green Line,2024-02-02 06:00:00,6,4,0,32,4,19.0,0.0,Clear,0,,32,0,8.0,0.253,low,2,Night
GR19,Shivaji Park,Green Line,2024-02-02 07:00:00,7,4,0,127,6,20.7,0.0,Clear,0,,159,0,21.2,0.671,high,4,Night
GR19,Shivaji Park,Green Line,2024-02-02 08:00:00,8,4,0,340,14,22.0,0.0,Clear,0,,499,1,24.3,0.769,high,5,Morning Peak
GR19,Shivaji Park,Green Line,2024-02-02 09:00:00,9,4,0,401,14,24.2,0.0,Clear,0,,868,1,28.6,0.905,high,5,Morning Peak
GR19,Shivaji Park,Green Line,2024-02-02 10:00:00,10,4,0,300,14,23.8,0.0,Clear,0,,1041,1,21.4,0.677,high,4,Morning Peak
GR19,Shivaji Park,Green Line,2024-02-02 11:00:00,11,4,0,187,7,24.6,0.0,Clear,0,,888,0,26.7,0.845,high,5,Mid Morning
GR19,Shivaji Park,Green Line,2024-02-02 12:00:00,12,4,0,215,7,21.7,0.0,Clear,0,,702,0,30.7,0.972,high,5,Mid Morning
GR19,Shivaji Park,Green Line,2024-02-02 13:00:00,13,4,0,185,7,21.3,0.0,Clear,0,,587,0,26.4,0.835,high,5,Mid Morning
GR19,Shivaji Park,Green Line,2024-02-02 14:00:00,14,4,0,155,7,19.1,0.0,Clear,0,,555,0,22.1,0.699,high,4,Afternoon
GR19,Shivaji Park,Green Line,2024-02-02 15:00:00,15,4,0,187,7,16.8,0.0,Clear,0,,527,0,26.7,0.845,high,5,Afternoon
GR19,Shivaji Park,Green Line,2024-02-02 16:00:00,16,4,0,230,7,14.9,0.0,Clear,0,,572,0,32.9,1.0,high,5,Afternoon
GR19,Shivaji Park,Green Line,2024-02-02 17:00:00,17,4,0,362,13,15.0,0.0,Clear,0,,779,1,27.8,0.88,high,5,Evening Peak
GR19,Shivaji Park,Green Line,2024-02-02 18:00:00,18,4,0,426,13,12.3,0.0,Cloudy,0,,1018,1,32.8,1.0,high,5,Evening Peak
GR19,Shivaji Park,Green Line,2024-02-02 19:00:00,19,4,0,346,13,13.8,0.0,Clear,0,,1134,1,26.6,0.842,high,5,Evening Peak
GR19,Shivaji Park,Green Line,2024-02-02 20:00:00,20,4,0,281,13,13.1,0.0,Clear,0,,1053,1,21.6,0.684,high,4,Evening Peak
GR19,Shivaji Park,Green Line,2024-02-02 21:00:00,21,4,0,114,5,14.5,0.0,Clear,0,,741,0,22.8,0.722,high,4,Night
GR19,Shivaji Park,Green Line,2024-02-02 22:00:00,22,4,0,50,5,12.9,0.0,Clear,0,,445,0,10.0,0.316,low,2,Night
GR19,Shivaji Park,Green Line,2024-02-02 23:00:00,23,4,0,17,0,12.7,0.0,Clear,0,,181,0,0.0,0.0,low,1,Night
GR19,Shivaji Park,Green Line,2024-02-03 00:00:00,0,5,1,0,0,15.4,0.0,Clear,0,,67,0,0.0,0.0,low,1,Night
GR19,Shivaji Park,Green Line,2024-02-03 01:00:00,1,5,1,0,0,15.4,0.0,Clear,0,,17,0,0.0,0.0,low,1,Night
GR19,Shivaji Park,Green Line,2024-02-03 02:00:00,2,5,1,0,0,17.2,0.0,Clear,0,,0,0,0.0,0.0,low,1,Night
GR19,Shivaji Park,Green Line,2024-02-03 03:00:00,3,5,1,0,0,17.5,0.0,Clear,0,,0,0,0.0,0.0,low,1,Night
GR19,Shivaji Park,Green Line,2024-02-03 04:00:00,4,5,1,0,0,18.5,0.0,Clear,0,,0,0,0.0,0.0,low,1,Night
GR19,Shivaji Park,Green Line,2024-02-03 05:00:00,5,5,1,0,0,14.0,0.0,Clear,0,,0,0,0.0,0.0,low,1,Night
GR19,Shivaji Park,Green Line,2024-02-03 06:00:00,6,5,1,24,4,19.2,0.0,Clear,0,,24,0,6.0,0.19,low,2,Night
GR19,Shivaji Park,Green Line,2024-02-03 07:00:00,7,5,1,86,6,21.0,0.0,Clear,0,,110,0,14.3,0.453,medium,3,Night
GR19,Shivaji Park,Green Line,2024-02-03 08:00:00,8,5,1,257,14,23.8,0.0,Clear,0,,367,1,18.4,0.582,medium,4,Morning Peak
GR19,Shivaji Park,Green Line,2024-02-03 09:00:00,9,5,1,312,14,23.5,0.0,Clear,0,,655,1,22.3,0.706,high,4,Morning Peak
GR19,Shivaji Park,Green Line,2024-02-03 10:00:00,10,5,1,215,14,24.6,0.0,Clear,0,,784,1,15.4,0.487,medium,3,Morning Peak
GR19,Shivaji Park,Green Line,2024-02-03 11:00:00,11,5,1,149,7,23.6,0.0,Clear,0,,676,0,21.3,0.674,high,4,Mid Morning
GR19,Shivaji Park,Green Line,2024-02-03 12:00:00,12,5,1,153,7,22.5,0.0,Clear,0,,517,0,21.9,0.693,high,4,Mid Morning
GR19,Shivaji Park,Green Line,2024-02-03 13:00:00,13,5,1,130,7,18.8,0.0,Clear,0,,432,0,18.6,0.589,medium,4,Mid Morning
GR19,Shivaji Park,Green Line,2024-02-03 14:00:00,14,5,1,126,7,19.4,0.0,Clear,0,,409,0,18.0,0.57,medium,4,Afternoon
GR19,Shivaji Park,Green Line,2024-02-03 15:00:00,15,5,1,126,7,15.9,0.0,Cloudy,0,,382,0,18.0,0.57,medium,4,Afternoon
GR19,Shivaji Park,Green Line,2024-02-03 16:00:00,16,5,1,170,7,15.2,0.0,Clear,0,,422,0,24.3,0.769,high,5,Afternoon
GR19,Shivaji Park,Green Line,2024-02-03 17:00:00,17,5,1,245,13,14.5,0.0,Clear,0,,541,1,18.8,0.595,medium,4,Evening Peak
GR19,Shivaji Park,Green Line,2024-02-03 18:00:00,18,5,1,284,13,15.2,0.0,Clear,0,,699,1,21.8,0.69,high,4,Evening Peak
GR19,Shivaji Park,Green Line,2024-02-03 19:00:00,19,5,1,246,13,14.0,0.0,Clear,0,,775,1,18.9,0.598,medium,4,Evening Peak
GR19,Shivaji Park,Green Line,2024-02-03 20:00:00,20,5,1,207,13,14.4,0.0,Clear,0,,737,1,15.9,0.503,medium,3,Evening Peak
GR19,Shivaji Park,Green Line,2024-02-03 21:00:00,21,5,1,91,5,14.6,0.0,Clear,0,,544,0,18.2,0.576,medium,4,Night
GR19,Shivaji Park,Green Line,2024-02-03 22:00:00,22,5,1,40,5,14.0,0.0,Clear,0,,338,0,8.0,0.253,low,2,Night
GR19,Shivaji Park,Green Line,2024-02-03 23:00:00,23,5,1,11,0,12.5,0.0,Clear,0,,142,0,0.0,0.0,low,1,Night
GR19,Shivaji Park,Green Line,2024-02-04 00:00:00,0,6,1,0,0,16.9,0.0,Clear,0,,51,0,0.0,0.0,low,1,Night
GR19,Shivaji Park,Green Line,2024-02-04 01:00:00,1,6,1,0,0,17.0,0.0,Cloudy,0,,11,0,0.0,0.0,low,1,Night
GR19,Shivaji Park,Green Line,2024-02-04 02:00:00,2,6,1,0,0,16.9,0.0,Clear,0,,0,0,0.0,0.0,low,1,Night
GR19,Shivaji Park,Green Line,2024-02-04 03:00:00,3,6,1,0,0,19.4,0.0,Cloudy,0,,0,0,0.0,0.0,low,1,Night
GR19,Shivaji Park,Green Line,2024-02-04 04:00:00,4,6,1,0,0,18.3,0.0,Clear,0,,0,0,0.0,0.0,low,1,Night
GR19,Shivaji Park,Green Line,2024-02-04 05:00:00,5,6,1,0,0,17.0,0.0,Clear,0,,0,0,0.0,0.0,low,1,Night
GR19,Shivaji Park,Green Line,2024-02-04 06:00:00,6,6,1,23,4,18.3,0.0,Clear,0,,23,0,5.8,0.184,low,2,Night
GR19,Shivaji Park,Green Line,2024-02-04 07:00:00,7,6,1,86,6,20.2,0.0,Clear,0,,109,0,14.3,0.453,medium,3,Night
GR19,Shivaji Park,Green Line,2024-02-04 08:00:00,8,6,1,257,14,23.1,0.0,Clear,0,,366,1,18.4,0.582,medium,4,Morning Peak
GR19,Shivaji Park,Green Line,2024-02-04 09:00:00,9,6,1,311,14,22.6,0.0,Clear,0,,654,1,22.2,0.703,high,4,Morning Peak
GR19,Shivaji Park,Green Line,2024-02-04 10:00:00,10,6,1,193,14,24.4,0.0,Cloudy,0,,761,1,13.8,0.437,medium,3,Morning Peak
GR19,Shivaji Park,Green Line,2024-02-04 11:00:00,11,6,1,152,7,23.4,0.0,Cloudy,0,,656,0,21.7,0.687,high,4,Mid Morning
GR19,Shivaji Park,Green Line,2024-02-04 12:00:00,12,6,1,134,7,22.2,0.0,Clear,0,,479,0,19.1,0.604,medium,4,Mid Morning
GR19,Shivaji Park,Green Line,2024-02-04 13:00:00,13,6,1,129,7,20.1,0.0,Cloudy,0,,415,0,18.4,0.582,medium,4,Mid Morning
GR19,Shivaji Park,Green Line,2024-02-04 14:00:00,14,6,1,112,7,19.4,0.0,Clear,0,,375,0,16.0,0.506,medium,3,Afternoon
GR19,Shivaji Park,Green Line,2024-02-04 15:00:00,15,6,1,126,7,16.3,0.0,Clear,0,,367,0,18.0,0.57,medium,4,Afternoon
GR19,Shivaji Park,Green Line,2024-02-04 16:00:00,16,6,1,151,7,16.7,0.0,Clear,0,,389,0,21.6,0.684,high,4,Afternoon
GR19,Shivaji Park,Green Line,2024-02-04 17:00:00,17,6,1,242,13,16.3,0.0,Clear,0,,519,1,18.6,0.589,medium,4,Evening Peak
GR19,Shivaji Park,Green Line,2024-02-04 18:00:00,18,6,1,288,13,15.0,0.0,Clear,0,,681,1,22.2,0.703,high,4,Evening Peak
GR19,Shivaji Park,Green Line,2024-02-04 19:00:00,19,6,1,254,13,14.2,0.0,Clear,0,,784,1,19.5,0.617,medium,4,Evening Peak
GR19,Shivaji Park,Green Line,2024-02-04 20:00:00,20,6,1,196,13,14.5,0.0,Cloudy,0,,738,1,15.1,0.478,medium,3,Evening Peak
GR19,Shivaji Park,Green Line,2024-02-04 21:00:00,21,6,1,84,5,13.5,0.0,Clear,0,,534,0,16.8,0.532,medium,3,Night
GR19,Shivaji Park,Green Line,2024-02-04 22:00:00,22,6,1,36,5,13.3,0.0,Clear,0,,316,0,7.2,0.228,low,2,Night
GR19,Shivaji Park,Green Line,2024-02-04 23:00:00,23,6,1,11,0,13.1,0.0,Cloudy,0,,131,0,0.0,0.0,low,1,Night
GR19,Shivaji Park,Green Line,2024-02-05 00:00:00,0,0,0,0,0,14.3,0.0,Clear,0,,47,0,0.0,0.0,low,1,Night
GR19,Shivaji Park,Green Line,2024-02-05 01:00:00,1,0,0,0,0,16.5,0.0,Clear,0,,11,0,0.0,0.0,low,1,Night
GR19,Shivaji Park,Green Line,2024-02-05 02:00:00,2,0,0,0,0,19.0,0.0,Clear,0,,0,0,0.0,0.0,low,1,Night
GR19,Shivaji Park,Green Line,2024-02-05 03:00:00,3,0,0,0,0,17.8,0.0,Clear,0,,0,0,0.0,0.0,low,1,Night
GR19,Shivaji Park,Green Line,2024-02-05 04:00:00,4,0,0,0,0,17.4,0.0,Clear,0,,0,0,0.0,0.0,low,1,Night
GR19,Shivaji Park,Green Line,2024-02-05 05:00:00,5,0,0,0,0,16.6,0.0,Clear,0,,0,0,0.0,0.0,low,1,Night
GR19,Shivaji Park,Green Line,2024-02-05 06:00:00,6,0,0,30,4,18.3,0.0,Clear,0,,30,0,7.5,0.237,low,2,Night
GR19,Shivaji Park,Green Line,2024-02-05 07:00:00,7,0,0,123,6,20.3,0.0,Clear,0,,153,0,20.5,0.649,medium,4,Night
GR19,Shivaji Park,Green Line,2024-02-05 08:00:00,8,0,0,393,14,23.1,0.0,Clear,0,,546,1,28.1,0.889,high,5,Morning Peak
GR19,Shivaji Park,Green Line,2024-02-05 09:00:00,9,0,0,402,14,22.9,0.0,Clear,0,,918,1,28.7,0.908,high,5,Morning Peak
GR19,Shivaji Park,Green Line,2024-02-05 10:00:00,10,0,0,306,14,25.2,0.0,Clear,0,,1101,1,21.9,0.693,high,4,Morning Peak
GR19,Shivaji Park,Green Line,2024-02-05 11:00:00,11,0,0,196,7,24.6,0.0,Clear,0,,904,0,28.0,0.886,high,5,Mid Morning
GR19,Shivaji Park,Green Line,2024-02-05 12:00:00,12,0,0,200,7,22.6,0.0,Clear,0,,702,0,28.6,0.905,high,5,Mid Morning
GR19,Shivaji Park,Green Line,2024-02-05 13:00:00,13,0,0,191,7,21.5,0.0,Clear,0,,587,0,27.3,0.864,high,5,Mid Morning
GR19,Shivaji Park,Green Line,2024-02-05 14:00:00,14,0,0,156,7,19.9,0.0,Clear,0,,547,0,22.3,0.706,high,4,Afternoon
GR19,Shivaji Park,Green Line,2024-02-05 15:00:00,15,0,0,182,7,16.9,0.0,Clear,0,,529,0,26.0,0.823,high,5,Afternoon
GR19,Shivaji Park,Green Line,2024-02-05 16:00:00,16,0,0,231,7,15.3,0.0,Clear,0,,569,0,33.0,1.0,high,5,Afternoon
GR19,Shivaji Park,Green Line,2024-02-05 17:00:00,17,0,0,318,13,14.8,0.0,Clear,0,,731,1,24.5,0.775,high,5,Evening Peak
GR19,Shivaji Park,Green Line,2024-02-05 18:00:00,18,0,0,377,13,14.9,0.0,Clear,0,,926,1,29.0,0.918,high,5,Evening Peak
GR19,Shivaji Park,Green Line,2024-02-05 19:00:00,19,0,0,365,13,11.1,0.0,Clear,0,,1060,1,28.1,0.889,high,5,Evening Peak
GR19,Shivaji Park,Green Line,2024-02-05 20:00:00,20,0,0,273,13,13.2,0.0,Clear,0,,1015,1,21.0,0.665,high,4,Evening Peak
GR19,Shivaji Park,Green Line,2024-02-05 21:00:00,21,0,0,121,5,13.7,0.0,Clear,0,,759,0,24.2,0.766,high,5,Night
GR19,Shivaji Park,Green Line,2024-02-05 22:00:00,22,0,0,51,5,12.2,0.0,Clear,0,,445,0,10.2,0.323,low,2,Night
GR19,Shivaji Park,Green Line,2024-02-05 23:00:00,23,0,0,15,0,14.7,0.0,Clear,0,,187,0,0.0,0.0,low,1,Night
GR19,Shivaji Park,Green Line,2024-02-06 00:00:00,0,1,0,0,0,16.4,0.0,Clear,0,,66,0,0.0,0.0,low,1,Night
GR19,Shivaji Park,Green Line,2024-02-06 01:00:00,1,1,0,0,0,17.0,0.0,Clear,0,,15,0,0.0,0.0,low,1,Night
GR19,Shivaji Park,Green Line,2024-02-06 02:00:00,2,1,0,0,0,17.1,0.0,Clear,0,,0,0,0.0,0.0,low,1,Night
GR19,Shivaji Park,Green Line,2024-02-06 03:00:00,3,1,0,0,0,17.4,0.0,Clear,0,,0,0,0.0,0.0,low,1,Night
GR19,Shivaji Park,Green Line,2024-02-06 04:00:00,4,1,0,0,0,20.5,0.0,Clear,0,,0,0,0.0,0.0,low,1,Night
GR19,Shivaji Park,Green Line,2024-02-06 05:00:00,5,1,0,0,0,16.0,0.0,Clear,0,,0,0,0.0,0.0,low,1,Night
GR19,Shivaji Park,Green Line,2024-02-06 06:00:00,6,1,0,34,4,18.1,0.0,Clear,0,,34,0,8.5,0.269,low,2,Night
GR19,Shivaji Park,Green Line,2024-02-06 07:00:00,7,1,0,122,6,21.9,0.0,Clear,0,,156,0,20.3,0.642,medium,4,Night
GR19,Shivaji Park,Green Line,2024-02-06 08:00:00,8,1,0,352,14,22.9,0.0,Clear,0,,508,1,25.1,0.794,high,5,Morning Peak
GR19,Shivaji Park,Green Line,2024-02-06 09:00:00,9,1,0,458,14,25.2,0.0,Clear,0,,932,1,32.7,1.0,high,5,Morning Peak
GR19,Shivaji Park,Green Line,2024-02-06 10:00:00,10,1,0,291,14,24.9,0.0,Clear,0,,1101,1,20.8,0.658,high,4,Morning Peak
GR19,Shivaji Park,Green Line,2024-02-06 11:00:00,11,1,0,210,7,23.6,0.0,Clear,0,,959,0,30.0,0.949,high,5,Mid Morning
GR19,Shivaji Park,Green Line,2024-02-06 12:00:00,12,1,0,209,7,22.8,0.0,Clear,0,,710,0,29.9,0.946,high,5,Mid Morning
GR19,Shivaji Park,Green Line,2024-02-06 13:00:00,13,1,0,172,7,20.3,0.0,Clear,0,,591,0,24.6,0.778,high,5,Mid Morning
GR19,Shivaji Park,Green Line,2024-02-06 14:00:00,14,1,0,179,7,20.0,0.0,Clear,0,,560,0,25.6,0.81,high,5,Afternoon
GR19,Shivaji Park,Green Line,2024-02-06 15:00:00,15,1,0,179,7,15.8,0.0,Clear,0,,530,0,25.6,0.81,high,5,Afternoon
GR19,Shivaji Park,Green Line,2024-02-06 16:00:00,16,1,0,222,7,17.0,0.0,Clear,0,,580,0,31.7,1.0,high,5,Afternoon
GR19,Shivaji Park,Green Line,2024-02-06 17:00:00,17,1,0,326,13,16.6,0.0,Clear,0,,727,1,25.1,0.794,high,5,Evening Peak
GR19,Shivaji Park,Green Line,2024-02-06 18:00:00,18,1,0,408,13,15.1,0.0,Clear,0,,956,1,31.4,0.994,high,5,Evening Peak
GR19,Shivaji Park,Green Line,2024-02-06 19:00:00,19,1,0,379,13,15.0,0.0,Clear,0,,1113,1,29.2,0.924,high,5,Evening Peak
GR19,Shivaji Park,Green Line,2024-02-06 20:00:00,20,1,0,281,13,13.9,0.0,Clear,0,,1068,1,21.6,0.684,high,4,Evening Peak
GR19,Shivaji Park,Green Line,2024-02-06 21:00:00,21,1,0,125,5,13.3,0.0,Cloudy,0,,785,0,25.0,0.791,high,5,Night
GR19,Shivaji Park,Green Line,2024-02-06 22:00:00,22,1,0,50,5,14.4,0.0,Clear,0,,456,0,10.0,0.316,low,2,Night
GR19,Shivaji Park,Green Line,2024-02-06 23:00:00,23,1,0,17,0,13.8,0.0,Clear,0,,192,0,0.0,0.0,low,1,Night
GR19,Shivaji Park,Green Line,2024-02-07 00:00:00,0,2,0,0,0,16.5,0.0,Clear,0,,67,0,0.0,0.0,low,1,Night
GR19,Shivaji Park,Green Line,2024-02-07 01:00:00,1,2,0,0,0,16.3,0.0,Clear,0,,17,0,0.0,0.0,low,1,Night
GR19,Shivaji Park,Green Line,2024-02-07 02:00:00,2,2,0,0,0,17.4,0.0,Clear,0,,0,0,0.0,0.0,low,1,Night
GR19,Shivaji Park,Green Line,2024-02-07 03:00:00,3,2,0,0,0,18.3,0.0,Clear,0,,0,0,0.0,0.0,low,1,Night
GR19,Shivaji Park,Green Line,2024-02-07 04:00:00,4,2,0,0,0,19.4,0.0,Clear,0,,0,0,0.0,0.0,low,1,Night
GR19,Shivaji Park,Green Line,2024-02-07 05:00:00,5,2,0,0,0,17.4,0.0,Clear,0,,0,0,0.0,0.0,low,1,Night
GR19,Shivaji Park,Green Line,2024-02-07 06:00:00,6,2,0,31,4,20.3,0.0,Clear,0,,31,0,7.8,0.247,low,2,Night
GR19,Shivaji Park,Green Line,2024-02-07 07:00:00,7,2,0,125,6,20.0,0.0,Clear,0,,156,0,20.8,0.658,high,4,Night
GR19,Shivaji Park,Green Line,2024-02-07 08:00:00,8,2,0,376,14,23.4,0.0,Cloudy,0,,532,1,26.9,0.851,high,5,Morning Peak
GR19,Shivaji Park,Green Line,2024-02-07 09:00:00,9,2,0,408,14,24.1,0.0,Clear,0,,909,1,29.1,0.921,high,5,Morning Peak
GR19,Shivaji Park,Green Line,2024-02-07 10:00:00,10,2,0,294,14,27.3,0.0,Clear,0,,1078,1,21.0,0.665,high,4,Morning Peak
GR19,Shivaji Park,Green Line,2024-02-07 11:00:00,11,2,0,206,7,24.4,0.0,Clear,0,,908,0,29.4,0.93,high,5,Mid Morning
GR19,Shivaji Park,Green Line,2024-02-07 12:00:00,12,2,0,191,7,22.1,1.1,Light Rain,0,,691,0,27.3,0.864,high,5,Mid Morning
GR19,Shivaji Park,Green Line,2024-02-07 13:00:00,13,2,0,180,7,20.7,0.7,Light Rain,0,,577,0,25.7,0.813,high,5,Mid Morning
GR19,Shivaji Park,Green Line,2024-02-07 14:00:00,14,2,0,164,7,18.7,0.4,Light Rain,0,,535,0,23.4,0.741,high,4,Afternoon
GR19,Shivaji Park,Green Line,2024-02-07 15:00:00,15,2,0,185,7,15.9,0.7,Light Rain,0,,529,0,26.4,0.835,high,5,Afternoon
GR19,Shivaji Park,Green Line,2024-02-07 16:00:00,16,2,0,226,7,16.5,1.1,Light Rain,0,,575,0,32.3,1.0,high,5,Afternoon
GR19,Shivaji Park,Green Line,2024-02-07 17:00:00,17,2,0,342,13,17.2,0.8,Light Rain,0,,753,1,26.3,0.832,high,5,Evening Peak
GR19,Shivaji Park,Green Line,2024-02-07 18:00:00,18,2,0,379,13,14.9,0.3,Light Rain,0,,947,1,29.2,0.924,high,5,Evening Peak
GR19,Shivaji Park,Green Line,2024-02-07 19:00:00,19,2,0,339,13,14.7,0.7,Light Rain,0,,1060,1,26.1,0.826,high,5,Evening Peak
GR19,Shivaji Park,Green Line,2024-02-07 20:00:00,20,2,0,245,13,15.9,0.4,Light Rain,0,,963,1,18.8,0.595,medium,4,Evening Peak
GR19,Shivaji Park,Green Line,2024-02-07 21:00:00,21,2,0,114,5,14.6,0.0,Clear,0,,698,0,22.8,0.722,high,4,Night
GR19,Shivaji Park,Green Line,2024-02-07 22:00:00,22,2,0,48,5,14.8,0.0,Clear,0,,407,0,9.6,0.304,low,2,Night
GR19,Shivaji Park,Green Line,2024-02-07 23:00:00,23,2,0,16,0,15.5,0.0,Clear,0,,178,0,0.0,0.0,low,1,Night
GR19,Shivaji Park,Green Line,2024-02-08 00:00:00,0,3,0,0,0,16.0,0.0,Clear,0,,64,0,0.0,0.0,low,1,Night
GR19,Shivaji Park,Green Line,2024-02-08 01:00:00,1,3,0,0,0,16.5,0.0,Clear,0,,16,0,0.0,0.0,low,1,Night
GR19,Shivaji Park,Green Line,2024-02-08 02:00:00,2,3,0,0,0,18.1,0.0,Clear,0,,0,0,0.0,0.0,low,1,Night
GR19,Shivaji Park,Green Line,2024-02-08 03:00:00,3,3,0,0,0,18.8,0.0,Clear,0,,0,0,0.0,0.0,low,1,Night
GR19,Shivaji Park,Green Line,2024-02-08 04:00:00,4,3,0,0,0,19.3,0.0,Clear,0,,0,0,0.0,0.0,low,1,Night
GR19,Shivaji Park,Green Line,2024-02-08 05:00:00,5,3,0,0,0,17.6,0.0,Clear,0,,0,0,0.0,0.0,low,1,Night
GR19,Shivaji Park,Green Line,2024-02-08 06:00:00,6,3,0,30,4,18.6,0.0,Clear,0,,30,0,7.5,0.237,low,2,Night
GR19,Shivaji Park,Green Line,2024-02-08 07:00:00,7,3,0,120,6,21.8,0.0,Clear,0,,150,0,20.0,0.633,medium,4,Night
GR19,Shivaji Park,Green Line,2024-02-08 08:00:00,8,3,0,346,14,21.6,0.0,Clear,0,,496,1,24.7,0.782,high,5,Morning Peak
GR19,Shivaji Park,Green Line,2024-02-08 09:00:00,9,3,0,403,14,25.3,0.0,Clear,0,,869,1,28.8,0.911,high,5,Morning Peak
GR19,Shivaji Park,Green Line,2024-02-08 10:00:00,10,3,0,280,14,25.0,0.0,Clear,0,,1029,1,20.0,0.633,medium,4,Morning Peak
GR19,Shivaji Park,Green Line,2024-02-08 11:00:00,11,3,0,204,7,25.3,0.0,Clear,0,,887,0,29.1,0.921,high,5,Mid Morning
GR19,Shivaji Park,Green Line,2024-02-08 12:00:00,12,3,0,199,7,24.5,0.4,Light Rain,0,,683,0,28.4,0.899,high,5,Mid Morning
GR19,Shivaji Park,Green Line,2024-02-08 13:00:00,13,3,0,172,7,22.3,0.3,Light Rain,0,,575,0,24.6,0.778,high,5,Mid Morning
GR19,Shivaji Park,Green Line,2024-02-08 14:00:00,14,3,0,161,7,19.2,0.7,Light Rain,0,,532,0,23.0,0.728,high,4,Afternoon
GR19,Shivaji Park,Green Line,2024-02-08 15:00:00,15,3,0,165,7,16.3,0.2,Light Rain,0,,498,0,23.6,0.747,high,4,Afternoon
GR19,Shivaji Park,Green Line,2024-02-08 16:00:00,16,3,0,197,7,17.3,0.3,Light Rain,0,,523,0,28.1,0.889,high,5,Afternoon
GR19,Shivaji Park,Green Line,2024-02-08 17:00:00,17,3,0,325,13,17.0,0.7,Light Rain,0,,687,1,25.0,0.791,high,5,Evening Peak
GR19,Shivaji Park,Green Line,2024-02-08 18:00:00,18,3,0,380,13,15.4,0.2,Light Rain,0,,902,1,29.2,0.924,high,5,Evening Peak
GR19,Shivaji Park,Green Line,2024-02-08 19:00:00,19,3,0,352,13,15.0,0.5,Light Rain,0,,1057,1,27.1,0.858,high,5,Evening Peak
GR19,Shivaji Park,Green Line,2024-02-08 20:00:00,20,3,0,279,13,16.0,0.7,Light Rain,0,,1011,1,21.5,0.68,high,4,Evening Peak
GR19,Shivaji Park,Green Line,2024-02-08 21:00:00,21,3,0,129,5,15.2,0.0,Clear,0,,760,0,25.8,0.816,high,5,Night
GR19,Shivaji Park,Green Line,2024-02-08 22:00:00,22,3,0,51,5,14.4,0.0,Clear,0,,459,0,10.2,0.323,low,2,Night
GR19,Shivaji Park,Green Line,2024-02-08 23:00:00,23,3,0,17,0,15.2,0.0,Clear,0,,197,0,0.0,0.0,low,1,Night
GR19,Shivaji Park,Green Line,2024-02-09 00:00:00,0,4,0,0,0,16.1,0.0,Clear,0,,68,0,0.0,0.0,low,1,Night
GR19,Shivaji Park,Green Line,2024-02-09 01:00:00,1,4,0,0,0,18.7,0.0,Clear,0,,17,0,0.0,0.0,low,1,Night
GR19,Shivaji Park,Green Line,2024-02-09 02:00:00,2,4,0,0,0,18.6,0.0,Clear,0,,0,0,0.0,0.0,low,1,Night
GR19,Shivaji Park,Green Line,2024-02-09 03:00:00,3,4,0,0,0,19.9,0.0,Clear,0,,0,0,0.0,0.0,low,1,Night
GR19,Shivaji Park,Green Line,2024-02-09 04:00:00,4,4,0,0,0,19.4,0.0,Clear,0,,0,0,0.0,0.0,low,1,Night
GR19,Shivaji Park,Green Line,2024-02-09 05:00:00,5,4,0,0,0,17.3,0.0,Clear,0,,0,0,0.0,0.0,low,1,Night
GR19,Shivaji Park,Green Line,2024-02-09 06:00:00,6,4,0,34,4,20.0,0.0,Clear,0,,34,0,8.5,0.269,low,2,Night
GR19,Shivaji Park,Green Line,2024-02-09 07:00:00,7,4,0,122,6,23.2,0.0,Clear,0,,156,0,20.3,0.642,medium,4,Night
GR19,Shivaji Park,Green Line,2024-02-09 08:00:00,8,4,0,370,14,23.4,0.0,Clear,0,,526,1,26.4,0.835,high,5,Morning Peak
GR19,Shivaji Park,Green Line,2024-02-09 09:00:00,9,4,0,461,14,25.5,0.0,Clear,0,,953,1,32.9,1.0,high,5,Morning Peak
GR19,Shivaji Park,Green Line,2024-02-09 10:00:00,10,4,0,269,14,26.3,0.0,Clear,0,,1100,1,19.2,0.608,medium,4,Morning Peak
GR19,Shivaji Park,Green Line,2024-02-09 11:00:00,11,4,0,201,7,24.0,0.0,Clear,0,,931,0,28.7,0.908,high,5,Mid Morning
GR19,Shivaji Park,Green Line,2024-02-09 12:00:00,12,4,0,197,7,24.4,0.0,Clear,0,,667,0,28.1,0.889,high,5,Mid Morning
GR19,Shivaji Park,Green Line,2024-02-09 13:00:00,13,4,0,177,7,22.3,0.0,Clear,0,,575,0,25.3,0.801,high,5,Mid Morning
GR19,Shivaji Park,Green Line,2024-02-09 14:00:00,14,4,0,164,7,19.3,0.0,Clear,0,,538,0,23.4,0.741,high,4,Afternoon
GR19,Shivaji Park,Green Line,2024-02-09 15:00:00,15,4,0,170,7,16.9,0.0,Clear,0,,511,0,24.3,0.769,high,5,Afternoon
GR19,Shivaji Park,Green Line,2024-02-09 16:00:00,16,4,0,229,7,16.2,0.0,Clear,0,,563,0,32.7,1.0,high,5,Afternoon
GR19,Shivaji Park,Green Line,2024-02-09 17:00:00,17,4,0,322,13,15.5,0.0,Clear,0,,721,1,24.8,0.785,high,5,Evening Peak
GR19,Shivaji Park,Green Line,2024-02-09 18:00:00,18,4,0,374,13,15.6,0.0,Clear,0,,925,1,28.8,0.911,high,5,Evening Peak
GR19,Shivaji Park,Green Line,2024-02-09 19:00:00,19,4,0,364,13,15.9,0.0,Clear,0,,1060,1,28.0,0.886,high,5,Evening Peak
GR19,Shivaji Park,Green Line,2024-02-09 20:00:00,20,4,0,264,13,14.4,0.0,Clear,0,,1002,1,20.3,0.642,medium,4,Evening Peak
GR19,Shivaji Park,Green Line,2024-02-09 21:00:00,21,4,0,119,5,15.8,0.0,Clear,0,,747,0,23.8,0.753,high,5,Night
GR19,Shivaji Park,Green Line,2024-02-09 22:00:00,22,4,0,56,5,13.5,0.0,Cloudy,0,,439,0,11.2,0.354,medium,3,Night
GR19,Shivaji Park,Green Line,2024-02-09 23:00:00,23,4,0,15,0,14.4,0.0,Clear,0,,190,0,0.0,0.0,low,1,Night
GR19,Shivaji Park,Green Line,2024-02-10 00:00:00,0,5,1,0,0,16.2,0.0,Clear,0,,71,0,0.0,0.0,low,1,Night
GR19,Shivaji Park,Green Line,2024-02-10 01:00:00,1,5,1,0,0,17.7,0.0,Clear,0,,15,0,0.0,0.0,low,1,Night
GR19,Shivaji Park,Green Line,2024-02-10 02:00:00,2,5,1,0,0,18.2,0.0,Clear,0,,0,0,0.0,0.0,low,1,Night
GR19,Shivaji Park,Green Line,2024-02-10 03:00:00,3,5,1,0,0,18.7,0.0,Clear,0,,0,0,0.0,0.0,low,1,Night
GR19,Shivaji Park,Green Line,2024-02-10 04:00:00,4,5,1,0,0,21.1,0.0,Clear,0,,0,0,0.0,0.0,low,1,Night
GR19,Shivaji Park,Green Line,2024-02-10 05:00:00,5,5,1,0,0,17.0,0.0,Clear,0,,0,0,0.0,0.0,low,1,Night
GR19,Shivaji Park,Green Line,2024-02-10 06:00:00,6,5,1,24,4,20.9,0.0,Clear,0,,24,0,6.0,0.19,low,2,Night
GR19,Shivaji Park,Green Line,2024-02-10 07:00:00,7,5,1,87,6,21.4,0.0,Cloudy,0,,111,0,14.5,0.459,medium,3,Night
GR19,Shivaji Park,Green Line,2024-02-10 08:00:00,8,5,1,249,14,24.0,0.0,Clear,0,,360,1,17.8,0.563,medium,4,Morning Peak
GR19,Shivaji Park,Green Line,2024-02-10 09:00:00,9,5,1,309,14,26.8,0.0,Cloudy,0,,645,1,22.1,0.699,high,4,Morning Peak
GR19,Shivaji Park,Green Line,2024-02-10 10:00:00,10,5,1,208,14,25.3,0.0,Clear,0,,766,1,14.9,0.472,medium,3,Morning Peak
GR19,Shivaji Park,Green Line,2024-02-10 11:00:00,11,5,1,148,7,25.4,0.0,Clear,0,,665,0,21.1,0.668,high,4,Mid Morning
GR19,Shivaji Park,Green Line,2024-02-10 12:00:00,12,5,1,145,7,24.2,0.0,Clear,0,,501,0,20.7,0.655,high,4,Mid Morning
GR19,Shivaji Park,Green Line,2024-02-10 13:00:00,13,5,1,137,7,22.7,0.0,Clear,0,,430,0,19.6,0.62,medium,4,Mid Morning
GR19,Shivaji Park,Green Line,2024-02-10 14:00:00,14,5,1,121,7,19.1,0.0,Clear,0,,403,0,17.3,0.547,medium,3,Afternoon
GR19,Shivaji Park,Green Line,2024-02-10 15:00:00,15,5,1,122,7,18.0,0.0,Clear,0,,380,0,17.4,0.551,medium,4,Afternoon
GR19,Shivaji Park,Green Line,2024-02-10 16:00:00,16,5,1,163,7,19.1,0.0,Clear,0,,406,0,23.3,0.737,high,4,Afternoon
GR19,Shivaji Park,Green Line,2024-02-10 17:00:00,17,5,1,229,13,15.2,0.0,Clear,0,,514,1,17.6,0.557,medium,4,Evening Peak
GR19,Shivaji Park,Green Line,2024-02-10 18:00:00,18,5,1,306,13,16.3,0.0,Clear,0,,698,1,23.5,0.744,high,4,Evening Peak
GR19,Shivaji Park,Green Line,2024-02-10 19:00:00,19,5,1,284,13,14.7,0.0,Clear,0,,819,1,21.8,0.69,high,4,Evening Peak
GR19,Shivaji Park,Green Line,2024-02-10 20:00:00,20,5,1,187,13,15.0,0.0,Clear,0,,777,1,14.4,0.456,medium,3,Evening Peak
GR19,Shivaji Park,Green Line,2024-02-10 21:00:00,21,5,1,92,5,16.5,0.0,Clear,0,,563,0,18.4,0.582,medium,4,Night
GR19,Shivaji Park,Green Line,2024-02-10 22:00:00,22,5,1,39,5,14.0,0.0,Clear,0,,318,0,7.8,0.247,low,2,Night
GR19,Shivaji Park,Green Line,2024-02-10 23:00:00,23,5,1,12,0,15.6,0.0,Clear,0,,143,0,0.0,0.0,low,1,Night
GR19,Shivaji Park,Green Line,2024-02-11 00:00:00,0,6,1,0,0,17.7,0.0,Clear,0,,51,0,0.0,0.0,low,1,Night
GR19,Shivaji Park,Green Line,2024-02-11 01:00:00,1,6,1,0,0,17.0,0.0,Clear,0,,12,0,0.0,0.0,low,1,Night
GR19,Shivaji Park,Green Line,2024-02-11 02:00:00,2,6,1,0,0,17.9,0.0,Clear,0,,0,0,0.0,0.0,low,1,Night
GR19,Shivaji Park,Green Line,2024-02-11 03:00:00,3,6,1,0,0,18.4,0.0,Clear,0,,0,0,0.0,0.0,low,1,Night
GR19,Shivaji Park,Green Line,2024-02-11 04:00:00,4,6,1,0,0,20.8,0.0,Clear,0,,0,0,0.0,0.0,low,1,Night
GR19,Shivaji Park,Green Line,2024-02-11 05:00:00,5,6,1,0,0,16.6,0.0,Clear,0,,0,0,0.0,0.0,low,1,Night
GR19,Shivaji Park,Green Line,2024-02-11 06:00:00,6,6,1,24,4,20.8,0.0,Clear,0,,24,0,6.0,0.19,low,2,Night
GR19,Shivaji Park,Green Line,2024-02-11 07:00:00,7,6,1,91,6,21.5,0.0,Clear,0,,115,0,15.2,0.481,medium,3,Night
GR19,Shivaji Park,Green Line,2024-02-11 08:00:00,8,6,1,283,14,24.0,0.0,Clear,0,,398,1,20.2,0.639,medium,4,Morning Peak
GR19,Shivaji Park,Green Line,2024-02-11 09:00:00,9,6,1,326,14,24.9,0.0,Clear,0,,700,1,23.3,0.737,high,4,Morning Peak
GR19,Shivaji Park,Green Line,2024-02-11 10:00:00,10,6,1,203,14,26.6,0.0,Clear,0,,812,1,14.5,0.459,medium,3,Morning Peak
GR19,Shivaji Park,Green Line,2024-02-11 11:00:00,11,6,1,143,7,26.7,0.0,Clear,0,,672,0,20.4,0.646,medium,4,Mid Morning
GR19,Shivaji Park,Green Line,2024-02-11 12:00:00,12,6,1,150,7,25.7,0.0,Clear,0,,496,0,21.4,0.677,high,4,Mid Morning
GR19,Shivaji Park,Green Line,2024-02-11 13:00:00,13,6,1,127,7,22.8,0.0,Clear,0,,420,0,18.1,0.573,medium,4,Mid Morning
GR19,Shivaji Park,Green Line,2024-02-11 14:00:00,14,6,1,125,7,19.4,0.0,Clear,0,,402,0,17.9,0.566,medium,4,Afternoon
GR19,Shivaji Park,Green Line,2024-02-11 15:00:00,15,6,1,137,7,17.7,0.0,Clear,0,,389,0,19.6,0.62,medium,4,Afternoon
GR19,Shivaji Park,Green Line,2024-02-11 16:00:00,16,6,1,165,7,17.6,0.0,Clear,0,,427,0,23.6,0.747,high,4,Afternoon
GR19,Shivaji Park,Green Line,2024-02-11 17:00:00,17,6,1,266,13,17.0,0.0,Clear,0,,568,1,20.5,0.649,medium,4,Evening Peak
GR19,Shivaji Park,Green Line,2024-02-11 18:00:00,18,6,1,266,13,17.9,0.0,Clear,0,,697,1,20.5,0.649,medium,4,Evening Peak
GR19,Shivaji Park,Green Line,2024-02-11 19:00:00,19,6,1,259,13,16.3,0.0,Clear,0,,791,1,19.9,0.63,medium,4,Evening Peak
GR19,Shivaji Park,Green Line,2024-02-11 20:00:00,20,6,1,181,13,15.5,0.0,Cloudy,0,,706,1,13.9,0.44,medium,3,Evening Peak
GR19,Shivaji Park,Green Line,2024-02-11 21:00:00,21,6,1,81,5,15.3,0.0,Clear,0,,521,0,16.2,0.513,medium,3,Night
GR19,Shivaji Park,Green Line,2024-02-11 22:00:00,22,6,1,39,5,15.3,0.0,Clear,0,,301,0,7.8,0.247,low,2,Night
GR19,Shivaji Park,Green Line,2024-02-11 23:00:00,23,6,1,12,0,14.2,0.0,Clear,0,,132,0,0.0,0.0,low,1,Night
GR19,Shivaji Park,Green Line,2024-02-12 00:00:00,0,0,0,0,0,17.9,0.0,Clear,0,,51,0,0.0,0.0,low,1,Night
GR19,Shivaji Park,Green Line,2024-02-12 01:00:00,1,0,0,0,0,18.4,0.0,Clear,0,,12,0,0.0,0.0,low,1,Night
GR19,Shivaji Park,Green Line,2024-02-12 02:00:00,2,0,0,0,0,20.0,0.0,Clear,0,,0,0,0.0,0.0,low,1,Night
GR19,Shivaji Park,Green Line,2024-02-12 03:00:00,3,0,0,0,0,19.5,0.0,Clear,0,,0,0,0.0,0.0,low,1,Night
GR19,Shivaji Park,Green Line,2024-02-12 04:00:00,4,0,0,0,0,19.4,0.0,Clear,0,,0,0,0.0,0.0,low,1,Night
GR19,Shivaji Park,Green Line,2024-02-12 05:00:00,5,0,0,0,0,16.3,0.0,Clear,0,,0,0,0.0,0.0,low,1,Night
GR19,Shivaji Park,Green Line,2024-02-12 06:00:00,6,0,0,33,4,22.2,0.0,Clear,0,,33,0,8.2,0.259,low,2,Night
GR19,Shivaji Park,Green Line,2024-02-12 07:00:00,7,0,0,118,6,21.8,0.0,Clear,0,,151,0,19.7,0.623,medium,4,Night
GR19,Shivaji Park,Green Line,2024-02-12 08:00:00,8,0,0,378,14,23.1,0.0,Clear,0,,529,1,27.0,0.854,high,5,Morning Peak
GR19,Shivaji Park,Green Line,2024-02-12 09:00:00,9,0,0,414,14,27.3,0.0,Clear,0,,910,1,29.6,0.937,high,5,Morning Peak
GR19,Shivaji Park,Green Line,2024-02-12 10:00:00,10,0,0,274,14,26.6,0.0,Clear,0,,1066,1,19.6,0.62,medium,4,Morning Peak
GR19,Shivaji Park,Green Line,2024-02-12 11:00:00,11,0,0,184,7,26.4,0.0,Clear,0,,872,0,26.3,0.832,high,5,Mid Morning
GR19,Shivaji Park,Green Line,2024-02-12 12:00:00,12,0,0,194,7,26.1,0.0,Clear,0,,652,0,27.7,0.877,high,5,Mid Morning
GR19,Shivaji Park,Green Line,2024-02-12 13:00:00,13,0,0,180,7,23.1,0.0,Clear,0,,558,0,25.7,0.813,high,5,Mid Morning
GR19,Shivaji Park,Green Line,2024-02-12 14:00:00,14,0,0,167,7,19.7,0.0,Clear,0,,541,0,23.9,0.756,high,5,Afternoon
GR19,Shivaji Park,Green Line,2024-02-12 15:00:00,15,0,0,195,7,18.1,0.0,Clear,0,,542,0,27.9,0.883,high,5,Afternoon
GR19,Shivaji Park,Green Line,2024-02-12 16:00:00,16,0,0,219,7,16.9,0.0,Clear,0,,581,0,31.3,0.991,high,5,Afternoon
GR19,Shivaji Park,Green Line,2024-02-12 17:00:00,17,0,0,354,13,16.4,0.0,Clear,0,,768,1,27.2,0.861,high,5,Evening Peak
GR19,Shivaji Park,Green Line,2024-02-12 18:00:00,18,0,0,369,13,15.1,0.0,Clear,0,,942,1,28.4,0.899,high,5,Evening Peak
GR19,Shivaji Park,Green Line,2024-02-12 19:00:00,19,0,0,363,13,17.8,0.0,Clear,0,,1086,1,27.9,0.883,high,5,Evening Peak
GR19,Shivaji Park,Green Line,2024-02-12 20:00:00,20,0,0,254,13,14.7,0.0,Clear,0,,986,1,19.5,0.617,medium,4,Evening Peak
GR19,Shivaji Park,Green Line,2024-02-12 21:00:00,21,0,0,119,5,15.7,0.0,Clear,0,,736,0,23.8,0.753,high,5,Night
GR19,Shivaji Park,Green Line,2024-02-12 22:00:00,22,0,0,49,5,15.1,0.0,Clear,0,,422,0,9.8,0.31,low,2,Night
GR19,Shivaji Park,Green Line,2024-02-12 23:00:00,23,0,0,17,0,16.5,0.0,Clear,0,,185,0,0.0,0.0,low,1,Night
GR19,Shivaji Park,Green Line,2024-02-13 00:00:00,0,1,0,0,0,17.6,0.0,Clear,0,,66,0,0.0,0.0,low,1,Night
GR19,Shivaji Park,Green Line,2024-02-13 01:00:00,1,1,0,0,0,19.3,0.0,Clear,0,,17,0,0.0,0.0,low,1,Night
GR19,Shivaji Park,Green Line,2024-02-13 02:00:00,2,1,0,0,0,17.4,0.0,Clear,0,,0,0,0.0,0.0,low,1,Night
GR19,Shivaji Park,Green Line,2024-02-13 03:00:00,3,1,0,0,0,19.2,0.0,Clear,0,,0,0,0.0,0.0,low,1,Night
GR19,Shivaji Park,Green Line,2024-02-13 04:00:00,4,1,0,0,0,19.5,0.0,Clear,0,,0,0,0.0,0.0,low,1,Night
GR19,Shivaji Park,Green Line,2024-02-13 05:00:00,5,1,0,0,0,18.9,0.0,Clear,0,,0,0,0.0,0.0,low,1,Night
GR19,Shivaji Park,Green Line,2024-02-13 06:00:00,6,1,0,33,4,21.8,0.0,Clear,0,,33,0,8.2,0.259,low,2,Night
GR19,Shivaji Park,Green Line,2024-02-13 07:00:00,7,1,0,123,6,22.4,0.0,Clear,0,,156,0,20.5,0.649,medium,4,Night
GR19,Shivaji Park,Green Line,2024-02-13 08:00:00,8,1,0,387,14,24.6,0.0,Clear,0,,543,1,27.6,0.873,high,5,Morning Peak
GR19,Shivaji Park,Green Line,2024-02-13 09:00:00,9,1,0,402,14,24.3,0.0,Clear,0,,912,1,28.7,0.908,high,5,Morning Peak
GR19,Shivaji Park,Green Line,2024-02-13 10:00:00,10,1,0,276,14,26.9,0.0,Clear,0,,1065,1,19.7,0.623,medium,4,Morning Peak
GR19,Shivaji Park,Green Line,2024-02-13 11:00:00,11,1,0,194,7,26.6,0.0,Cloudy,0,,872,0,27.7,0.877,high,5,Mid Morning
GR19,Shivaji Park,Green Line,2024-02-13 12:00:00,12,1,0,201,7,25.0,0.0,Clear,0,,671,0,28.7,0.908,high,5,Mid Morning
GR19,Shivaji Park,Green Line,2024-02-13 13:00:00,13,1,0,186,7,24.1,0.0,Clear,0,,581,0,26.6,0.842,high,5,Mid Morning
GR19,Shivaji Park,Green Line,2024-02-13 14:00:00,14,1,0,168,7,23.3,0.0,Clear,0,,555,0,24.0,0.759,high,5,Afternoon
GR19,Shivaji Park,Green Line,2024-02-13 15:00:00,15,1,0,198,7,17.3,0.0,Cloudy,0,,552,0,28.3,0.896,high,5,Afternoon
GR19,Shivaji Park,Green Line,2024-02-13 16:00:00,16,1,0,219,7,16.6,0.0,Clear,0,,585,0,31.3,0.991,high,5,Afternoon
GR19,Shivaji Park,Green Line,2024-02-13 17:00:00,17,1,0,368,13,16.6,0.0,Clear,0,,785,1,28.3,0.896,high,5,Evening Peak
GR19,Shivaji Park,Green Line,2024-02-13 18:00:00,18,1,0,393,13,17.7,0.0,Clear,0,,980,1,30.2,0.956,high,5,Evening Peak
GR19,Shivaji Park,Green Line,2024-02-13 19:00:00,19,1,0,356,13,15.8,0.0,Clear,0,,1117,1,27.4,0.867,high,5,Evening Peak
GR19,Shivaji Park,Green Line,2024-02-13 20:00:00,20,1,0,273,13,15.7,0.0,Clear,0,,1022,1,21.0,0.665,high,4,Evening Peak
GR19,Shivaji Park,Green Line,2024-02-13 21:00:00,21,1,0,129,5,16.1,0.0,Clear,0,,758,0,25.8,0.816,high,5,Night
GR19,Shivaji Park,Green Line,2024-02-13 22:00:00,22,1,0,50,5,14.9,0.0,Clear,0,,452,0,10.0,0.316,low,2,Night
GR19,Shivaji Park,Green Line,2024-02-13 23:00:00,23,1,0,16,0,14.7,0.0,Clear,0,,195,0,0.0,0.0,low,1,Night
GR19,Shivaji Park,Green Line,2024-02-14 00:00:00,0,2,0,0,0,19.1,0.0,Clear,1,Valentines Day,66,0,0.0,0.0,low,1,Night
GR19,Shivaji Park,Green Line,2024-02-14 01:00:00,1,2,0,0,0,16.8,0.0,Clear,1,Valentines Day,16,0,0.0,0.0,low,1,Night
GR19,Shivaji Park,Green Line,2024-02-14 02:00:00,2,2,0,0,0,18.3,0.0,Clear,1,Valentines Day,0,0,0.0,0.0,low,1,Night
GR19,Shivaji Park,Green Line,2024-02-14 03:00:00,3,2,0,0,0,21.1,0.0,Clear,1,Valentines Day,0,0,0.0,0.0,low,1,Night
GR19,Shivaji Park,Green Line,2024-02-14 04:00:00,4,2,0,0,0,20.8,0.0,Clear,1,Valentines Day,0,0,0.0,0.0,low,1,Night
GR19,Shivaji Park,Green Line,2024-02-14 05:00:00,5,2,0,0,0,17.7,0.0,Clear,1,Valentines Day,0,0,0.0,0.0,low,1,Night
GR19,Shivaji Park,Green Line,2024-02-14 06:00:00,6,2,0,36,4,20.2,0.0,Cloudy,1,Valentines Day,36,0,9.0,0.285,low,2,Night
GR19,Shivaji Park,Green Line,2024-02-14 07:00:00,7,2,0,125,6,23.7,0.0,Clear,1,Valentines Day,161,0,20.8,0.658,high,4,Night
GR19,Shivaji Park,Green Line,2024-02-14 08:00:00,8,2,0,410,14,26.4,0.0,Clear,1,Valentines Day,571,1,29.3,0.927,high,5,Morning Peak
GR19,Shivaji Park,Green Line,2024-02-14 09:00:00,9,2,0,515,14,26.7,0.0,Clear,1,Valentines Day,1050,1,36.8,1.0,high,5,Morning Peak
GR19,Shivaji Park,Green Line,2024-02-14 10:00:00,10,2,0,332,14,27.2,0.0,Clear,1,Valentines Day,1257,1,23.7,0.75,high,5,Morning Peak
GR19,Shivaji Park,Green Line,2024-02-14 11:00:00,11,2,0,233,7,24.9,0.0,Clear,1,Valentines Day,1080,0,33.3,1.0,high,5,Mid Morning
GR19,Shivaji Park,Green Line,2024-02-14 12:00:00,12,2,0,210,7,26.2,0.0,Clear,1,Valentines Day,775,0,30.0,0.949,high,5,Mid Morning
GR19,Shivaji Park,Green Line,2024-02-14 13:00:00,13,2,0,215,7,21.1,0.0,Clear,1,Valentines Day,658,0,30.7,0.972,high,5,Mid Morning
GR19,Shivaji Park,Green Line,2024-02-14 14:00:00,14,2,0,174,7,21.0,0.0,Clear,1,Valentines Day,599,0,24.9,0.788,high,5,Afternoon
GR19,Shivaji Park,Green Line,2024-02-14 15:00:00,15,2,0,201,7,18.4,0.0,Clear,1,Valentines Day,590,0,28.7,0.908,high,5,Afternoon
GR19,Shivaji Park,Green Line,2024-02-14 16:00:00,16,2,0,252,7,18.9,0.0,Clear,1,Valentines Day,627,0,36.0,1.0,high,5,Afternoon
GR19,Shivaji Park,Green Line,2024-02-14 17:00:00,17,2,0,408,13,17.0,0.0,Clear,1,Valentines Day,861,1,31.4,0.994,high,5,Evening Peak
GR19,Shivaji Park,Green Line,2024-02-14 18:00:00,18,2,0,472,13,17.4,0.0,Cloudy,1,Valentines Day,1132,1,36.3,1.0,high,5,Evening Peak
GR19,Shivaji Park,Green Line,2024-02-14 19:00:00,19,2,0,385,13,17.8,0.0,Clear,1,Valentines Day,1265,1,29.6,0.937,high,5,Evening Peak
GR19,Shivaji Park,Green Line,2024-02-14 20:00:00,20,2,0,282,13,15.3,0.0,Cloudy,1,Valentines Day,1139,1,21.7,0.687,high,4,Evening Peak
GR19,Shivaji Park,Green Line,2024-02-14 21:00:00,21,2,0,132,5,16.2,0.0,Clear,1,Valentines Day,799,0,26.4,0.835,high,5,Night
GR19,Shivaji Park,Green Line,2024-02-14 22:00:00,22,2,0,56,5,15.6,0.0,Clear,1,Valentines Day,470,0,11.2,0.354,medium,3,Night
GR19,Shivaji Park,Green Line,2024-02-14 23:00:00,23,2,0,19,0,16.0,0.0,Clear,1,Valentines Day,207,0,0.0,0.0,low,1,Night
GR19,Shivaji Park,Green Line,2024-02-15 00:00:00,0,3,0,0,0,18.3,0.0,Clear,0,,75,0,0.0,0.0,low,1,Night
GR19,Shivaji Park,Green Line,2024-02-15 01:00:00,1,3,0,0,0,18.4,0.0,Cloudy,0,,19,0,0.0,0.0,low,1,Night
GR19,Shivaji Park,Green Line,2024-02-15 02:00:00,2,3,0,0,0,21.2,0.0,Clear,0,,0,0,0.0,0.0,low,1,Night
GR19,Shivaji Park,Green Line,2024-02-15 03:00:00,3,3,0,0,0,19.4,0.0,Clear,0,,0,0,0.0,0.0,low,1,Night
GR19,Shivaji Park,Green Line,2024-02-15 04:00:00,4,3,0,0,0,20.9,0.0,Clear,0,,0,0,0.0,0.0,low,1,Night
GR19,Shivaji Park,Green Line,2024-02-15 05:00:00,5,3,0,0,0,17.7,0.0,Cloudy,0,,0,0,0.0,0.0,low,1,Night
GR19,Shivaji Park,Green Line,2024-02-15 06:00:00,6,3,0,32,4,20.0,0.0,Clear,0,,32,0,8.0,0.253,low,2,Night
GR19,Shivaji Park,Green Line,2024-02-15 07:00:00,7,3,0,110,6,23.8,0.0,Clear,0,,142,0,18.3,0.579,medium,4,Night
GR19,Shivaji Park,Green Line,2024-02-15 08:00:00,8,3,0,379,14,25.8,0.0,Clear,0,,521,1,27.1,0.858,high,5,Morning Peak
GR19,Shivaji Park,Green Line,2024-02-15 09:00:00,9,3,0,419,14,25.9,0.0,Clear,0,,908,1,29.9,0.946,high,5,Morning Peak
GR19,Shivaji Park,Green Line,2024-02-15 10:00:00,10,3,0,267,14,25.1,0.0,Clear,0,,1065,1,19.1,0.604,medium,4,Morning Peak
GR19,Shivaji Park,Green Line,2024-02-15 11:00:00,11,3,0,212,7,25.7,0.0,Clear,0,,898,0,30.3,0.959,high,5,Mid Morning
GR19,Shivaji Park,Green Line,2024-02-15 12:00:00,12,3,0,206,7,25.7,0.0,Clear,0,,685,0,29.4,0.93,high,5,Mid Morning
GR19,Shivaji Park,Green Line,2024-02-15 13:00:00,13,3,0,183,7,23.8,0.0,Clear,0,,601,0,26.1,0.826,high,5,Mid Morning
GR19,Shivaji Park,Green Line,2024-02-15 14:00:00,14,3,0,181,7,19.9,0.0,Clear,0,,570,0,25.9,0.82,high,5,Afternoon
GR19,Shivaji Park,Green Line,2024-02-15 15:00:00,15,3,0,186,7,19.0,0.0,Clear,0,,550,0,26.6,0.842,high,5,Afternoon
GR19,Shivaji Park,Green Line,2024-02-15 16:00:00,16,3,0,224,7,18.6,0.0,Clear,0,,591,0,32.0,1.0,high,5,Afternoon
GR19,Shivaji Park,Green Line,2024-02-15 17:00:00,17,3,0,363,13,18.2,0.0,Cloudy,0,,773,1,27.9,0.883,high,5,Evening Peak
GR19,Shivaji Park,Green Line,2024-02-15 18:00:00,18,3,0,387,13,16.2,0.0,Clear,0,,974,1,29.8,0.943,high,5,Evening Peak
GR19,Shivaji Park,Green Line,2024-02-15 19:00:00,19,3,0,369,13,14.9,0.0,Clear,0,,1119,1,28.4,0.899,high,5,Evening Peak
GR19,Shivaji Park,Green Line,2024-02-15 20:00:00,20,3,0,260,13,16.1,0.0,Clear,0,,1016,1,20.0,0.633,medium,4,Evening Peak
GR19,Shivaji Park,Green Line,2024-02-15 21:00:00,21,3,0,123,5,16.2,0.0,Clear,0,,752,0,24.6,0.778,high,5,Night
GR19,Shivaji Park,Green Line,2024-02-15 22:00:00,22,3,0,52,5,15.5,0.0,Clear,0,,435,0,10.4,0.329,low,2,Night
GR19,Shivaji Park,Green Line,2024-02-15 23:00:00,23,3,0,15,0,15.9,0.0,Clear,0,,190,0,0.0,0.0,low,1,Night
GR19,Shivaji Park,Green Line,2024-02-16 00:00:00,0,4,0,0,0,19.5,0.0,Clear,0,,67,0,0.0,0.0,low,1,Night
GR19,Shivaji Park,Green Line,2024-02-16 01:00:00,1,4,0,0,0,19.2,0.0,Clear,0,,15,0,0.0,0.0,low,1,Night
GR19,Shivaji Park,Green Line,2024-02-16 02:00:00,2,4,0,0,0,19.6,0.0,Clear,0,,0,0,0.0,0.0,low,1,Night
GR19,Shivaji Park,Green Line,2024-02-16 03:00:00,3,4,0,0,0,18.2,0.0,Clear,0,,0,0,0.0,0.0,low,1,Night
GR19,Shivaji Park,Green Line,2024-02-16 04:00:00,4,4,0,0,0,20.7,0.0,Clear,0,,0,0,0.0,0.0,low,1,Night
GR19,Shivaji Park,Green Line,2024-02-16 05:00:00,5,4,0,0,0,20.4,0.0,Cloudy,0,,0,0,0.0,0.0,low,1,Night
GR19,Shivaji Park,Green Line,2024-02-16 06:00:00,6,4,0,34,4,21.5,0.0,Cloudy,0,,34,0,8.5,0.269,low,2,Night
GR19,Shivaji Park,Green Line,2024-02-16 07:00:00,7,4,0,118,6,22.2,0.0,Clear,0,,152,0,19.7,0.623,medium,4,Night
GR19,Shivaji Park,Green Line,2024-02-16 08:00:00,8,4,0,362,14,24.6,0.0,Clear,0,,514,1,25.9,0.82,high,5,Morning Peak
GR19,Shivaji Park,Green Line,2024-02-16 09:00:00,9,4,0,458,14,26.5,0.0,Clear,0,,938,1,32.7,1.0,high,5,Morning Peak
GR19,Shivaji Park,Green Line,2024-02-16 10:00:00,10,4,0,286,14,27.5,0.0,Clear,0,,1106,1,20.4,0.646,medium,4,Morning Peak
GR19,Shivaji Park,Green Line,2024-02-16 11:00:00,11,4,0,194,7,26.3,0.0,Clear,0,,938,0,27.7,0.877,high,5,Mid Morning
GR19,Shivaji Park,Green Line,2024-02-16 12:00:00,12,4,0,201,7,25.0,0.0,Clear,0,,681,0,28.7,0.908,high,5,Mid Morning
GR19,Shivaji Park,Green Line,2024-02-16 13:00:00,13,4,0,186,7,22.6,0.0,Clear,0,,581,0,26.6,0.842,high,5,Mid Morning
GR19,Shivaji Park,Green Line,2024-02-16 14:00:00,14,4,0,161,7,21.9,0.0,Clear,0,,548,0,23.0,0.728,high,4,Afternoon
GR19,Shivaji Park,Green Line,2024-02-16 15:00:00,15,4,0,186,7,18.5,0.0,Clear,0,,533,0,26.6,0.842,high,5,Afternoon
GR19,Shivaji Park,Green Line,2024-02-16 16:00:00,16,4,0,221,7,17.7,0.0,Clear,0,,568,0,31.6,1.0,high,5,Afternoon
GR19,Shivaji Park,Green Line,2024-02-16 17:00:00,17,4,0,340,13,18.0,0.0,Clear,0,,747,1,26.2,0.829,high,5,Evening Peak
GR19,Shivaji Park,Green Line,2024-02-16 18:00:00,18,4,0,397,13,18.0,0.0,Clear,0,,958,1,30.5,0.965,high,5,Evening Peak
GR19,Shivaji Park,Green Line,2024-02-16 19:00:00,19,4,0,385,13,15.1,0.0,Clear,0,,1122,1,29.6,0.937,high,5,Evening Peak
GR19,Shivaji Park,Green Line,2024-02-16 20:00:00,20,4,0,270,13,16.8,0.0,Clear,0,,1052,1,20.8,0.658,high,4,Evening Peak
GR19,Shivaji Park,Green Line,2024-02-16 21:00:00,21,4,0,123,5,17.6,0.0,Clear,0,,778,0,24.6,0.778,high,5,Night
GR19,Shivaji Park,Green Line,2024-02-16 22:00:00,22,4,0,50,5,17.6,0.0,Cloudy,0,,443,0,10.0,0.316,low,2,Night
GR19,Shivaji Park,Green Line,2024-02-16 23:00:00,23,4,0,17,0,15.1,0.0,Cloudy,0,,190,0,0.0,0.0,low,1,Night
GR19,Shivaji Park,Green Line,2024-02-17 00:00:00,0,5,1,0,0,18.5,0.0,Clear,0,,67,0,0.0,0.0,low,1,Night
GR19,Shivaji Park,Green Line,2024-02-17 01:00:00,1,5,1,0,0,19.6,0.0,Clear,0,,17,0,0.0,0.0,low,1,Night
GR19,Shivaji Park,Green Line,2024-02-17 02:00:00,2,5,1,0,0,19.6,0.0,Clear,0,,0,0,0.0,0.0,low,1,Night
GR19,Shivaji Park,Green Line,2024-02-17 03:00:00,3,5,1,0,0,21.5,0.0,Clear,0,,0,0,0.0,0.0,low,1,Night
GR19,Shivaji Park,Green Line,2024-02-17 04:00:00,4,5,1,0,0,21.0,0.0,Clear,0,,0,0,0.0,0.0,low,1,Night
GR19,Shivaji Park,Green Line,2024-02-17 05:00:00,5,5,1,0,0,19.1,0.0,Clear,0,,0,0,0.0,0.0,low,1,Night
GR19,Shivaji Park,Green Line,2024-02-17 06:00:00,6,5,1,22,4,19.8,0.0,Clear,0,,22,0,5.5,0.174,low,2,Night
GR19,Shivaji Park,Green Line,2024-02-17 07:00:00,7,5,1,82,6,25.0,0.0,Clear,0,,104,0,13.7,0.434,medium,3,Night
GR19,Shivaji Park,Green Line,2024-02-17 08:00:00,8,5,1,285,14,26.7,0.0,Clear,0,,389,1,20.4,0.646,medium,4,Morning Peak
GR19,Shivaji Park,Green Line,2024-02-17 09:00:00,9,5,1,330,14,25.2,0.0,Clear,0,,697,1,23.6,0.747,high,4,Morning Peak
GR19,Shivaji Park,Green Line,2024-02-17 10:00:00,10,5,1,195,14,28.3,0.0,Clear,0,,810,1,13.9,0.44,medium,3,Morning Peak
GR19,Shivaji Park,Green Line,2024-02-17 11:00:00,11,5,1,145,7,24.8,0.0,Clear,0,,670,0,20.7,0.655,high,4,Mid Morning
GR19,Shivaji Park,Green Line,2024-02-17 12:00:00,12,5,1,155,7,26.3,0.0,Clear,0,,495,0,22.1,0.699,high,4,Mid Morning
GR19,Shivaji Park,Green Line,2024-02-17 13:00:00,13,5,1,134,7,23.6,0.0,Clear,0,,434,0,19.1,0.604,medium,4,Mid Morning
GR19,Shivaji Park,Green Line,2024-02-17 14:00:00,14,5,1,119,7,22.9,0.0,Clear,0,,408,0,17.0,0.538,medium,3,Afternoon
GR19,Shivaji Park,Green Line,2024-02-17 15:00:00,15,5,1,136,7,19.6,0.0,Clear,0,,389,0,19.4,0.614,medium,4,Afternoon
GR19,Shivaji Park,Green Line,2024-02-17 16:00:00,16,5,1,170,7,18.3,0.0,Clear,0,,425,0,24.3,0.769,high,5,Afternoon
GR19,Shivaji Park,Green Line,2024-02-17 17:00:00,17,5,1,235,13,16.7,0.0,Clear,0,,541,1,18.1,0.573,medium,4,Evening Peak
GR19,Shivaji Park,Green Line,2024-02-17 18:00:00,18,5,1,307,13,18.3,0.0,Clear,0,,712,1,23.6,0.747,high,4,Evening Peak
GR19,Shivaji Park,Green Line,2024-02-17 19:00:00,19,5,1,251,13,18.1,0.0,Clear,0,,793,1,19.3,0.611,medium,4,Evening Peak
GR19,Shivaji Park,Green Line,2024-02-17 20:00:00,20,5,1,194,13,17.1,0.0,Clear,0,,752,1,14.9,0.472,medium,3,Evening Peak
GR19,Shivaji Park,Green Line,2024-02-17 21:00:00,21,5,1,83,5,15.9,0.0,Cloudy,0,,528,0,16.6,0.525,medium,3,Night
GR19,Shivaji Park,Green Line,2024-02-17 22:00:00,22,5,1,39,5,15.0,0.0,Clear,0,,316,0,7.8,0.247,low,2,Night
GR19,Shivaji Park,Green Line,2024-02-17 23:00:00,23,5,1,12,0,17.7,0.0,Clear,0,,134,0,0.0,0.0,low,1,Night
GR19,Shivaji Park,Green Line,2024-02-18 00:00:00,0,6,1,0,0,18.1,0.0,Clear,0,,51,0,0.0,0.0,low,1,Night
GR19,Shivaji Park,Green Line,2024-02-18 01:00:00,1,6,1,0,0,20.0,0.0,Clear,0,,12,0,0.0,0.0,low,1,Night
GR19,Shivaji Park,Green Line,2024-02-18 02:00:00,2,6,1,0,0,19.8,0.0,Clear,0,,0,0,0.0,0.0,low,1,Night
GR19,Shivaji Park,Green Line,2024-02-18 03:00:00,3,6,1,0,0,20.6,0.0,Clear,0,,0,0,0.0,0.0,low,1,Night
GR19,Shivaji Park,Green Line,2024-02-18 04:00:00,4,6,1,0,0,21.4,0.0,Clear,0,,0,0,0.0,0.0,low,1,Night
GR19,Shivaji Park,Green Line,2024-02-18 05:00:00,5,6,1,0,0,19.2,0.0,Clear,0,,0,0,0.0,0.0,low,1,Night
GR19,Shivaji Park,Green Line,2024-02-18 06:00:00,6,6,1,23,4,21.7,0.0,Clear,0,,23,0,5.8,0.184,low,2,Night
GR19,Shivaji Park,Green Line,2024-02-18 07:00:00,7,6,1,93,6,23.8,0.0,Clear,0,,116,0,15.5,0.491,medium,3,Night
GR19,Shivaji Park,Green Line,2024-02-18 08:00:00,8,6,1,266,14,25.0,0.0,Clear,0,,382,1,19.0,0.601,medium,4,Morning Peak
GR19,Shivaji Park,Green Line,2024-02-18 09:00:00,9,6,1,323,14,28.0,0.0,Clear,0,,682,1,23.1,0.731,high,4,Morning Peak
GR19,Shivaji Park,Green Line,2024-02-18 10:00:00,10,6,1,194,14,26.9,0.0,Clear,0,,783,1,13.9,0.44,medium,3,Morning Peak
GR19,Shivaji Park,Green Line,2024-02-18 11:00:00,11,6,1,137,7,25.9,0.0,Clear,0,,654,0,19.6,0.62,medium,4,Mid Morning
GR19,Shivaji Park,Green Line,2024-02-18 12:00:00,12,6,1,138,7,25.3,0.0,Clear,0,,469,0,19.7,0.623,medium,4,Mid Morning
GR19,Shivaji Park,Green Line,2024-02-18 13:00:00,13,6,1,129,7,24.2,0.0,Clear,0,,404,0,18.4,0.582,medium,4,Mid Morning
GR19,Shivaji Park,Green Line,2024-02-18 14:00:00,14,6,1,122,7,23.0,0.0,Clear,0,,389,0,17.4,0.551,medium,4,Afternoon
GR19,Shivaji Park,Green Line,2024-02-18 15:00:00,15,6,1,124,7,19.8,0.0,Clear,0,,375,0,17.7,0.56,medium,4,Afternoon
GR19,Shivaji Park,Green Line,2024-02-18 16:00:00,16,6,1,164,7,17.5,0.0,Clear,0,,410,0,23.4,0.741,high,4,Afternoon
GR19,Shivaji Park,Green Line,2024-02-18 17:00:00,17,6,1,267,13,18.6,0.0,Clear,0,,555,1,20.5,0.649,medium,4,Evening Peak
GR19,Shivaji Park,Green Line,2024-02-18 18:00:00,18,6,1,277,13,18.6,0.0,Clear,0,,708,1,21.3,0.674,high,4,Evening Peak
GR19,Shivaji Park,Green Line,2024-02-18 19:00:00,19,6,1,283,13,16.4,0.0,Clear,0,,827,1,21.8,0.69,high,4,Evening Peak
GR19,Shivaji Park,Green Line,2024-02-18 20:00:00,20,6,1,201,13,17.5,0.0,Clear,0,,761,1,15.5,0.491,medium,3,Evening Peak
GR19,Shivaji Park,Green Line,2024-02-18 21:00:00,21,6,1,85,5,17.6,0.0,Clear,0,,569,0,17.0,0.538,medium,3,Night
GR19,Shivaji Park,Green Line,2024-02-18 22:00:00,22,6,1,37,5,16.3,0.0,Clear,0,,323,0,7.4,0.234,low,2,Night
GR19,Shivaji Park,Green Line,2024-02-18 23:00:00,23,6,1,12,0,16.7,0.0,Clear,0,,134,0,0.0,0.0,low,1,Night
GR19,Shivaji Park,Green Line,2024-02-19 00:00:00,0,0,0,0,0,20.3,0.0,Clear,1,Chhatrapati Shivaji Jayanti,49,0,0.0,0.0,low,1,Night
GR19,Shivaji Park,Green Line,2024-02-19 01:00:00,1,0,0,0,0,20.0,0.0,Clear,1,Chhatrapati Shivaji Jayanti,12,0,0.0,0.0,low,1,Night
GR19,Shivaji Park,Green Line,2024-02-19 02:00:00,2,0,0,0,0,21.0,0.0,Clear,1,Chhatrapati Shivaji Jayanti,0,0,0.0,0.0,low,1,Night
GR19,Shivaji Park,Green Line,2024-02-19 03:00:00,3,0,0,0,0,20.3,0.0,Cloudy,1,Chhatrapati Shivaji Jayanti,0,0,0.0,0.0,low,1,Night
GR19,Shivaji Park,Green Line,2024-02-19 04:00:00,4,0,0,0,0,22.3,0.0,Clear,1,Chhatrapati Shivaji Jayanti,0,0,0.0,0.0,low,1,Night
GR19,Shivaji Park,Green Line,2024-02-19 05:00:00,5,0,0,0,0,18.0,0.0,Clear,1,Chhatrapati Shivaji Jayanti,0,0,0.0,0.0,low,1,Night
GR19,Shivaji Park,Green Line,2024-02-19 06:00:00,6,0,0,33,4,21.6,0.0,Clear,1,Chhatrapati Shivaji Jayanti,33,0,8.2,0.259,low,2,Night
GR19,Shivaji Park,Green Line,2024-02-19 07:00:00,7,0,0,130,6,25.1,0.0,Clear,1,Chhatrapati Shivaji Jayanti,163,0,21.7,0.687,high,4,Night
GR19,Shivaji Park,Green Line,2024-02-19 08:00:00,8,0,0,361,14,25.9,0.0,Clear,1,Chhatrapati Shivaji Jayanti,524,1,25.8,0.816,high,5,Morning Peak
GR19,Shivaji Park,Green Line,2024-02-19 09:00:00,9,0,0,420,14,28.4,0.0,Clear,1,Chhatrapati Shivaji Jayanti,911,1,30.0,0.949,high,5,Morning Peak
GR19,Shivaji Park,Green Line,2024-02-19 10:00:00,10,0,0,302,14,28.2,0.0,Clear,1,Chhatrapati Shivaji Jayanti,1083,1,21.6,0.684,high,4,Morning Peak
GR19,Shivaji Park,Green Line,2024-02-19 11:00:00,11,0,0,223,7,27.3,0.0,Clear,1,Chhatrapati Shivaji Jayanti,945,0,31.9,1.0,high,5,Mid Morning
GR19,Shivaji Park,Green Line,2024-02-19 12:00:00,12,0,0,218,7,27.1,0.0,Clear,1,Chhatrapati Shivaji Jayanti,743,0,31.1,0.984,high,5,Mid Morning
GR19,Shivaji Park,Green Line,2024-02-19 13:00:00,13,0,0,202,7,24.1,0.0,Clear,1,Chhatrapati Shivaji Jayanti,643,0,28.9,0.915,high,5,Mid Morning
GR19,Shivaji Park,Green Line,2024-02-19 14:00:00,14,0,0,163,7,21.1,0.0,Clear,1,Chhatrapati Shivaji Jayanti,583,0,23.3,0.737,high,4,Afternoon
GR19,Shivaji Park,Green Line,2024-02-19 15:00:00,15,0,0,206,7,19.7,0.0,Clear,1,Chhatrapati Shivaji Jayanti,571,0,29.4,0.93,high,5,Afternoon
GR19,Shivaji Park,Green Line,2024-02-19 16:00:00,16,0,0,227,7,19.6,0.0,Clear,1,Chhatrapati Shivaji Jayanti,596,0,32.4,1.0,high,5,Afternoon
GR19,Shivaji Park,Green Line,2024-02-19 17:00:00,17,0,0,375,13,17.5,0.0,Clear,1,Chhatrapati Shivaji Jayanti,808,1,28.8,0.911,high,5,Evening Peak
GR19,Shivaji Park,Green Line,2024-02-19 18:00:00,18,0,0,387,13,17.9,0.0,Clear,1,Chhatrapati Shivaji Jayanti,989,1,29.8,0.943,high,5,Evening Peak
GR19,Shivaji Park,Green Line,2024-02-19 19:00:00,19,0,0,366,13,17.9,0.0,Clear,1,Chhatrapati Shivaji Jayanti,1128,1,28.2,0.892,high,5,Evening Peak
GR19,Shivaji Park,Green Line,2024-02-19 20:00:00,20,0,0,292,13,17.1,0.0,Clear,1,Chhatrapati Shivaji Jayanti,1045,1,22.5,0.712,high,4,Evening Peak
GR19,Shivaji Park,Green Line,2024-02-19 21:00:00,21,0,0,131,5,16.6,0.0,Clear,1,Chhatrapati Shivaji Jayanti,789,0,26.2,0.829,high,5,Night
GR19,Shivaji Park,Green Line,2024-02-19 22:00:00,22,0,0,52,5,16.5,0.0,Clear,1,Chhatrapati Shivaji Jayanti,475,0,10.4,0.329,low,2,Night
GR19,Shivaji Park,Green Line,2024-02-19 23:00:00,23,0,0,16,0,16.6,0.0,Clear,1,Chhatrapati Shivaji Jayanti,199,0,0.0,0.0,low,1,Night
GR19,Shivaji Park,Green Line,2024-02-20 00:00:00,0,1,0,0,0,20.6,0.0,Clear,0,,68,0,0.0,0.0,low,1,Night
GR19,Shivaji Park,Green Line,2024-02-20 01:00:00,1,1,0,0,0,19.3,0.0,Clear,0,,16,0,0.0,0.0,low,1,Night
GR19,Shivaji Park,Green Line,2024-02-20 02:00:00,2,1,0,0,0,20.9,0.0,Clear,0,,0,0,0.0,0.0,low,1,Night
GR19,Shivaji Park,Green Line,2024-02-20 03:00:00,3,1,0,0,0,19.8,0.0,Clear,0,,0,0,0.0,0.0,low,1,Night
GR19,Shivaji Park,Green Line,2024-02-20 04:00:00,4,1,0,0,0,22.8,0.0,Clear,0,,0,0,0.0,0.0,low,1,Night
GR19,Shivaji Park,Green Line,2024-02-20 05:00:00,5,1,0,0,0,19.5,0.0,Clear,0,,0,0,0.0,0.0,low,1,Night
GR19,Shivaji Park,Green Line,2024-02-20 06:00:00,6,1,0,31,4,22.4,0.0,Clear,0,,31,0,7.8,0.247,low,2,Night
GR19,Shivaji Park,Green Line,2024-02-20 07:00:00,7,1,0,118,6,24.1,0.0,Clear,0,,149,0,19.7,0.623,medium,4,Night
GR19,Shivaji Park,Green Line,2024-02-20 08:00:00,8,1,0,388,14,26.1,0.0,Clear,0,,537,1,27.7,0.877,high,5,Morning Peak
GR19,Shivaji Park,Green Line,2024-02-20 09:00:00,9,1,0,453,14,27.3,0.0,Clear,0,,959,1,32.4,1.0,high,5,Morning Peak
GR19,Shivaji Park,Green Line,2024-02-20 10:00:00,10,1,0,309,14,29.5,0.0,Clear,0,,1150,1,22.1,0.699,high,4,Morning Peak
GR19,Shivaji Park,Green Line,2024-02-20 11:00:00,11,1,0,210,7,28.0,0.0,Clear,0,,972,0,30.0,0.949,high,5,Mid Morning
GR19,Shivaji Park,Green Line,2024-02-20 12:00:00,12,1,0,204,7,25.7,0.0,Clear,0,,723,0,29.1,0.921,high,5,Mid Morning
GR19,Shivaji Park,Green Line,2024-02-20 13:00:00,13,1,0,173,7,23.3,0.0,Clear,0,,587,0,24.7,0.782,high,5,Mid Morning
GR19,Shivaji Park,Green Line,2024-02-20 14:00:00,14,1,0,160,7,22.9,0.0,Clear,0,,537,0,22.9,0.725,high,4,Afternoon
GR19,Shivaji Park,Green Line,2024-02-20 15:00:00,15,1,0,179,7,19.5,0.0,Cloudy,0,,512,0,25.6,0.81,high,5,Afternoon
GR19,Shivaji Park,Green Line,2024-02-20 16:00:00,16,1,0,225,7,19.1,0.0,Clear,0,,564,0,32.1,1.0,high,5,Afternoon
GR19,Shivaji Park,Green Line,2024-02-20 17:00:00,17,1,0,325,13,18.1,0.0,Clear,0,,729,1,25.0,0.791,high,5,Evening Peak
GR19,Shivaji Park,Green Line,2024-02-20 18:00:00,18,1,0,428,13,16.4,0.0,Clear,0,,978,1,32.9,1.0,high,5,Evening Peak
GR19,Shivaji Park,Green Line,2024-02-20 19:00:00,19,1,0,374,13,18.6,0.0,Clear,0,,1127,1,28.8,0.911,high,5,Evening Peak
GR19,Shivaji Park,Green Line,2024-02-20 20:00:00,20,1,0,284,13,18.5,0.0,Clear,0,,1086,1,21.8,0.69,high,4,Evening Peak
GR19,Shivaji Park,Green Line,2024-02-20 21:00:00,21,1,0,121,5,17.5,0.0,Clear,0,,779,0,24.2,0.766,high,5,Night
GR19,Shivaji Park,Green Line,2024-02-20 22:00:00,22,1,0,49,5,17.4,0.0,Clear,0,,454,0,9.8,0.31,low,2,Night
GR19,Shivaji Park,Green Line,2024-02-20 23:00:00,23,1,0,16,0,16.4,0.0,Clear,0,,186,0,0.0,0.0,low,1,Night
GR19,Shivaji Park,Green Line,2024-02-21 00:00:00,0,2,0,0,0,20.6,0.0,Clear,0,,65,0,0.0,0.0,low,1,Night
GR19,Shivaji Park,Green Line,2024-02-21 01:00:00,1,2,0,0,0,20.1,0.0,Clear,0,,16,0,0.0,0.0,low,1,Night
GR19,Shivaji Park,Green Line,2024-02-21 02:00:00,2,2,0,0,0,20.0,0.0,Clear,0,,0,0,0.0,0.0,low,1,Night
GR19,Shivaji Park,Green Line,2024-02-21 03:00:00,3,2,0,0,0,20.4,0.0,Clear,0,,0,0,0.0,0.0,low,1,Night
GR19,Shivaji Park,Green Line,2024-02-21 04:00:00,4,2,0,0,0,20.9,0.0,Clear,0,,0,0,0.0,0.0,low,1,Night
GR19,Shivaji Park,Green Line,2024-02-21 05:00:00,5,2,0,0,0,22.0,0.0,Clear,0,,0,0,0.0,0.0,low,1,Night
GR19,Shivaji Park,Green Line,2024-02-21 06:00:00,6,2,0,30,4,23.1,0.0,Clear,0,,30,0,7.5,0.237,low,2,Night
GR19,Shivaji Park,Green Line,2024-02-21 07:00:00,7,2,0,117,6,23.7,0.0,Cloudy,0,,147,0,19.5,0.617,medium,4,Night
GR19,Shivaji Park,Green Line,2024-02-21 08:00:00,8,2,0,380,14,25.9,0.0,Clear,0,,527,1,27.1,0.858,high,5,Morning Peak
GR19,Shivaji Park,Green Line,2024-02-21 09:00:00,9,2,0,448,14,28.5,0.0,Clear,0,,945,1,32.0,1.0,high,5,Morning Peak
GR19,Shivaji Park,Green Line,2024-02-21 10:00:00,10,2,0,282,14,28.5,0.0,Clear,0,,1110,1,20.1,0.636,medium,4,Morning Peak
GR19,Shivaji Park,Green Line,2024-02-21 11:00:00,11,2,0,196,7,29.0,0.0,Clear,0,,926,0,28.0,0.886,high,5,Mid Morning
GR19,Shivaji Park,Green Line,2024-02-21 12:00:00,12,2,0,185,7,27.3,0.3,Light Rain,0,,663,0,26.4,0.835,high,5,Mid Morning
GR19,Shivaji Park,Green Line,2024-02-21 13:00:00,13,2,0,164,7,24.7,0.4,Light Rain,0,,545,0,23.4,0.741,high,4,Mid Morning
GR19,Shivaji Park,Green Line,2024-02-21 14:00:00,14,2,0,156,7,22.6,0.5,Light Rain,0,,505,0,22.3,0.706,high,4,Afternoon
GR19,Shivaji Park,Green Line,2024-02-21 15:00:00,15,2,0,186,7,22.0,0.2,Light Rain,0,,506,0,26.6,0.842,high,5,Afternoon
GR19,Shivaji Park,Green Line,2024-02-21 16:00:00,16,2,0,223,7,19.1,0.3,Light Rain,0,,565,0,31.9,1.0,high,5,Afternoon
GR19,Shivaji Park,Green Line,2024-02-21 17:00:00,17,2,0,333,13,18.8,0.5,Light Rain,0,,742,1,25.6,0.81,high,5,Evening Peak
GR19,Shivaji Park,Green Line,2024-02-21 18:00:00,18,2,0,360,13,19.6,0.2,Light Rain,0,,916,1,27.7,0.877,high,5,Evening Peak
GR19,Shivaji Park,Green Line,2024-02-21 19:00:00,19,2,0,381,13,18.6,0.3,Light Rain,0,,1074,1,29.3,0.927,high,5,Evening Peak
GR19,Shivaji Park,Green Line,2024-02-21 20:00:00,20,2,0,245,13,18.1,0.6,Light Rain,0,,986,1,18.8,0.595,medium,4,Evening Peak
GR19,Shivaji Park,Green Line,2024-02-21 21:00:00,21,2,0,119,5,18.1,0.0,Clear,0,,745,0,23.8,0.753,high,5,Night
GR19,Shivaji Park,Green Line,2024-02-21 22:00:00,22,2,0,54,5,18.4,0.0,Clear,0,,418,0,10.8,0.342,low,2,Night
GR19,Shivaji Park,Green Line,2024-02-21 23:00:00,23,2,0,15,0,18.0,0.0,Cloudy,0,,188,0,0.0,0.0,low,1,Night
GR19,Shivaji Park,Green Line,2024-02-22 00:00:00,0,3,0,0,0,19.8,0.0,Clear,0,,69,0,0.0,0.0,low,1,Night
GR19,Shivaji Park,Green Line,2024-02-22 01:00:00,1,3,0,0,0,20.3,0.0,Clear,0,,15,0,0.0,0.0,low,1,Night
GR19,Shivaji Park,Green Line,2024-02-22 02:00:00,2,3,0,0,0,23.8,0.0,Clear,0,,0,0,0.0,0.0,low,1,Night
GR19,Shivaji Park,Green Line,2024-02-22 03:00:00,3,3,0,0,0,21.5,0.0,Clear,0,,0,0,0.0,0.0,low,1,Night
GR19,Shivaji Park,Green Line,2024-02-22 04:00:00,4,3,0,0,0,20.3,0.0,Clear,0,,0,0,0.0,0.0,low,1,Night
GR19,Shivaji Park,Green Line,2024-02-22 05:00:00,5,3,0,0,0,20.8,0.0,Clear,0,,0,0,0.0,0.0,low,1,Night
GR19,Shivaji Park,Green Line,2024-02-22 06:00:00,6,3,0,34,4,24.5,0.0,Clear,0,,34,0,8.5,0.269,low,2,Night
GR19,Shivaji Park,Green Line,2024-02-22 07:00:00,7,3,0,121,6,26.5,0.0,Clear,0,,155,0,20.2,0.639,medium,4,Night
GR19,Shivaji Park,Green Line,2024-02-22 08:00:00,8,3,0,354,14,26.1,0.0,Clear,0,,509,1,25.3,0.801,high,5,Morning Peak
GR19,Shivaji Park,Green Line,2024-02-22 09:00:00,9,3,0,431,14,28.7,0.0,Clear,0,,906,1,30.8,0.975,high,5,Morning Peak
GR19,Shivaji Park,Green Line,2024-02-22 10:00:00,10,3,0,285,14,27.9,0.0,Clear,0,,1070,1,20.4,0.646,medium,4,Morning Peak
GR19,Shivaji Park,Green Line,2024-02-22 11:00:00,11,3,0,189,7,28.6,0.0,Clear,0,,905,0,27.0,0.854,high,5,Mid Morning
GR19,Shivaji Park,Green Line,2024-02-22 12:00:00,12,3,0,213,7,26.8,0.0,Clear,0,,687,0,30.4,0.962,high,5,Mid Morning
GR19,Shivaji Park,Green Line,2024-02-22 13:00:00,13,3,0,167,7,25.0,0.0,Clear,0,,569,0,23.9,0.756,high,5,Mid Morning
GR19,Shivaji Park,Green Line,2024-02-22 14:00:00,14,3,0,161,7,23.5,0.0,Cloudy,0,,541,0,23.0,0.728,high,4,Afternoon
GR19,Shivaji Park,Green Line,2024-02-22 15:00:00,15,3,0,182,7,21.1,0.0,Clear,0,,510,0,26.0,0.823,high,5,Afternoon
GR19,Shivaji Park,Green Line,2024-02-22 16:00:00,16,3,0,208,7,19.8,0.0,Clear,0,,551,0,29.7,0.94,high,5,Afternoon
GR19,Shivaji Park,Green Line,2024-02-22 17:00:00,17,3,0,336,13,17.7,0.0,Clear,0,,726,1,25.8,0.816,high,5,Evening Peak
GR19,Shivaji Park,Green Line,2024-02-22 18:00:00,18,3,0,426,13,17.6,0.0,Cloudy,0,,970,1,32.8,1.0,high,5,Evening Peak
GR19,Shivaji Park,Green Line,2024-02-22 19:00:00,19,3,0,386,13,18.3,0.0,Cloudy,0,,1148,1,29.7,0.94,high,5,Evening Peak
GR19,Shivaji Park,Green Line,2024-02-22 20:00:00,20,3,0,258,13,18.1,0.0,Clear,0,,1070,1,19.8,0.627,medium,4,Evening Peak
GR19,Shivaji Park,Green Line,2024-02-22 21:00:00,21,3,0,115,5,16.9,0.0,Clear,0,,759,0,23.0,0.728,high,4,Night
GR19,Shivaji Park,Green Line,2024-02-22 22:00:00,22,3,0,52,5,19.4,0.0,Clear,0,,425,0,10.4,0.329,low,2,Night
GR19,Shivaji Park,Green Line,2024-02-22 23:00:00,23,3,0,15,0,18.4,0.0,Clear,0,,182,0,0.0,0.0,low,1,Night
GR19,Shivaji Park,Green Line,2024-02-23 00:00:00,0,4,0,0,0,19.4,0.0,Clear,0,,67,0,0.0,0.0,low,1,Night
GR19,Shivaji Park,Green Line,2024-02-23 01:00:00,1,4,0,0,0,21.9,0.0,Clear,0,,15,0,0.0,0.0,low,1,Night
GR19,Shivaji Park,Green Line,2024-02-23 02:00:00,2,4,0,0,0,21.5,0.0,Cloudy,0,,0,0,0.0,0.0,low,1,Night
GR19,Shivaji Park,Green Line,2024-02-23 03:00:00,3,4,0,0,0,21.0,0.0,Clear,0,,0,0,0.0,0.0,low,1,Night
GR19,Shivaji Park,Green Line,2024-02-23 04:00:00,4,4,0,0,0,22.8,0.0,Clear,0,,0,0,0.0,0.0,low,1,Night
GR19,Shivaji Park,Green Line,2024-02-23 05:00:00,5,4,0,0,0,20.9,0.0,Clear,0,,0,0,0.0,0.0,low,1,Night
GR19,Shivaji Park,Green Line,2024-02-23 06:00:00,6,4,0,33,4,24.2,0.0,Clear,0,,33,0,8.2,0.259,low,2,Night
GR19,Shivaji Park,Green Line,2024-02-23 07:00:00,7,4,0,114,6,24.0,0.0,Clear,0,,147,0,19.0,0.601,medium,4,Night
GR19,Shivaji Park,Green Line,2024-02-23 08:00:00,8,4,0,387,14,26.0,0.0,Clear,0,,534,1,27.6,0.873,high,5,Morning Peak
GR19,Shivaji Park,Green Line,2024-02-23 09:00:00,9,4,0,422,14,28.0,0.0,Clear,0,,923,1,30.1,0.953,high,5,Morning Peak
GR19,Shivaji Park,Green Line,2024-02-23 10:00:00,10,4,0,275,14,29.3,0.0,Clear,0,,1084,1,19.6,0.62,medium,4,Morning Peak
GR19,Shivaji Park,Green Line,2024-02-23 11:00:00,11,4,0,214,7,27.9,0.0,Clear,0,,911,0,30.6,0.968,high,5,Mid Morning
GR19,Shivaji Park,Green Line,2024-02-23 12:00:00,12,4,0,198,7,27.6,0.0,Cloudy,0,,687,0,28.3,0.896,high,5,Mid Morning
GR19,Shivaji Park,Green Line,2024-02-23 13:00:00,13,4,0,188,7,25.6,0.0,Clear,0,,600,0,26.9,0.851,high,5,Mid Morning
GR19,Shivaji Park,Green Line,2024-02-23 14:00:00,14,4,0,162,7,23.6,0.0,Clear,0,,548,0,23.1,0.731,high,4,Afternoon
GR19,Shivaji Park,Green Line,2024-02-23 15:00:00,15,4,0,193,7,19.8,0.0,Cloudy,0,,543,0,27.6,0.873,high,5,Afternoon
GR19,Shivaji Park,Green Line,2024-02-23 16:00:00,16,4,0,205,7,18.9,0.0,Clear,0,,560,0,29.3,0.927,high,5,Afternoon
GR19,Shivaji Park,Green Line,2024-02-23 17:00:00,17,4,0,355,13,18.6,0.0,Clear,0,,753,1,27.3,0.864,high,5,Evening Peak
GR19,Shivaji Park,Green Line,2024-02-23 18:00:00,18,4,0,386,13,18.0,0.0,Cloudy,0,,946,1,29.7,0.94,high,5,Evening Peak
GR19,Shivaji Park,Green Line,2024-02-23 19:00:00,19,4,0,366,13,18.3,0.0,Clear,0,,1107,1,28.2,0.892,high,5,Evening Peak
GR19,Shivaji Park,Green Line,2024-02-23 20:00:00,20,4,0,254,13,18.1,0.0,Clear,0,,1006,1,19.5,0.617,medium,4,Evening Peak
GR19,Shivaji Park,Green Line,2024-02-23 21:00:00,21,4,0,112,5,19.4,0.0,Clear,0,,732,0,22.4,0.709,high,4,Night
GR19,Shivaji Park,Green Line,2024-02-23 22:00:00,22,4,0,56,5,17.5,0.0,Clear,0,,422,0,11.2,0.354,medium,3,Night
GR19,Shivaji Park,Green Line,2024-02-23 23:00:00,23,4,0,17,0,18.7,0.0,Clear,0,,185,0,0.0,0.0,low,1,Night
GR19,Shivaji Park,Green Line,2024-02-24 00:00:00,0,5,1,0,0,19.9,0.0,Clear,0,,73,0,0.0,0.0,low,1,Night
GR19,Shivaji Park,Green Line,2024-02-24 01:00:00,1,5,1,0,0,19.6,0.0,Clear,0,,17,0,0.0,0.0,low,1,Night
GR19,Shivaji Park,Green Line,2024-02-24 02:00:00,2,5,1,0,0,19.8,0.0,Clear,0,,0,0,0.0,0.0,low,1,Night
GR19,Shivaji Park,Green Line,2024-02-24 03:00:00,3,5,1,0,0,21.9,0.0,Clear,0,,0,0,0.0,0.0,low,1,Night
GR19,Shivaji Park,Green Line,2024-02-24 04:00:00,4,5,1,0,0,21.2,0.0,Cloudy,0,,0,0,0.0,0.0,low,1,Night
GR19,Shivaji Park,Green Line,2024-02-24 05:00:00,5,5,1,0,0,22.4,0.0,Clear,0,,0,0,0.0,0.0,low,1,Night
GR19,Shivaji Park,Green Line,2024-02-24 06:00:00,6,5,1,23,4,24.0,0.0,Clear,0,,23,0,5.8,0.184,low,2,Night
GR19,Shivaji Park,Green Line,2024-02-24 07:00:00,7,5,1,81,6,23.0,0.0,Clear,0,,104,0,13.5,0.427,medium,3,Night
GR19,Shivaji Park,Green Line,2024-02-24 08:00:00,8,5,1,263,14,26.9,0.0,Cloudy,0,,367,1,18.8,0.595,medium,4,Morning Peak
GR19,Shivaji Park,Green Line,2024-02-24 09:00:00,9,5,1,295,14,27.0,0.0,Clear,0,,639,1,21.1,0.668,high,4,Morning Peak
GR19,Shivaji Park,Green Line,2024-02-24 10:00:00,10,5,1,192,14,27.2,0.0,Cloudy,0,,750,1,13.7,0.434,medium,3,Morning Peak
GR19,Shivaji Park,Green Line,2024-02-24 11:00:00,11,5,1,151,7,28.8,0.0,Clear,0,,638,0,21.6,0.684,high,4,Mid Morning
GR19,Shivaji Park,Green Line,2024-02-24 12:00:00,12,5,1,147,7,26.9,0.0,Clear,0,,490,0,21.0,0.665,high,4,Mid Morning
GR19,Shivaji Park,Green Line,2024-02-24 13:00:00,13,5,1,125,7,26.5,0.0,Clear,0,,423,0,17.9,0.566,medium,4,Mid Morning
GR19,Shivaji Park,Green Line,2024-02-24 14:00:00,14,5,1,130,7,23.5,0.0,Clear,0,,402,0,18.6,0.589,medium,4,Afternoon
GR19,Shivaji Park,Green Line,2024-02-24 15:00:00,15,5,1,129,7,19.9,0.0,Clear,0,,384,0,18.4,0.582,medium,4,Afternoon
GR19,Shivaji Park,Green Line,2024-02-24 16:00:00,16,5,1,154,7,21.0,0.0,Clear,0,,413,0,22.0,0.696,high,4,Afternoon
GR19,Shivaji Park,Green Line,2024-02-24 17:00:00,17,5,1,256,13,19.3,0.0,Clear,0,,539,1,19.7,0.623,medium,4,Evening Peak
GR19,Shivaji Park,Green Line,2024-02-24 18:00:00,18,5,1,308,13,18.2,0.0,Clear,0,,718,1,23.7,0.75,high,5,Evening Peak
GR19,Shivaji Park,Green Line,2024-02-24 19:00:00,19,5,1,260,13,18.8,0.0,Clear,0,,824,1,20.0,0.633,medium,4,Evening Peak
GR19,Shivaji Park,Green Line,2024-02-24 20:00:00,20,5,1,205,13,18.1,0.0,Clear,0,,773,1,15.8,0.5,medium,3,Evening Peak
GR19,Shivaji Park,Green Line,2024-02-24 21:00:00,21,5,1,89,5,17.7,0.0,Clear,0,,554,0,17.8,0.563,medium,4,Night
GR19,Shivaji Park,Green Line,2024-02-24 22:00:00,22,5,1,39,5,18.3,0.0,Clear,0,,333,0,7.8,0.247,low,2,Night
GR19,Shivaji Park,Green Line,2024-02-24 23:00:00,23,5,1,12,0,17.8,0.0,Clear,0,,140,0,0.0,0.0,low,1,Night
GR19,Shivaji Park,Green Line,2024-02-25 00:00:00,0,6,1,0,0,20.3,0.0,Clear,0,,51,0,0.0,0.0,low,1,Night
GR19,Shivaji Park,Green Line,2024-02-25 01:00:00,1,6,1,0,0,20.6,0.0,Clear,0,,12,0,0.0,0.0,low,1,Night
GR19,Shivaji Park,Green Line,2024-02-25 02:00:00,2,6,1,0,0,21.5,0.0,Cloudy,0,,0,0,0.0,0.0,low,1,Night
GR19,Shivaji Park,Green Line,2024-02-25 03:00:00,3,6,1,0,0,20.8,0.0,Clear,0,,0,0,0.0,0.0,low,1,Night
GR19,Shivaji Park,Green Line,2024-02-25 04:00:00,4,6,1,0,0,24.2,0.0,Clear,0,,0,0,0.0,0.0,low,1,Night
GR19,Shivaji Park,Green Line,2024-02-25 05:00:00,5,6,1,0,0,20.7,0.0,Clear,0,,0,0,0.0,0.0,low,1,Night
GR19,Shivaji Park,Green Line,2024-02-25 06:00:00,6,6,1,24,4,24.2,0.0,Clear,0,,24,0,6.0,0.19,low,2,Night
GR19,Shivaji Park,Green Line,2024-02-25 07:00:00,7,6,1,93,6,26.7,0.0,Clear,0,,117,0,15.5,0.491,medium,3,Night
GR19,Shivaji Park,Green Line,2024-02-25 08:00:00,8,6,1,267,14,26.9,0.0,Clear,0,,384,1,19.1,0.604,medium,4,Morning Peak
GR19,Shivaji Park,Green Line,2024-02-25 09:00:00,9,6,1,321,14,29.4,0.0,Clear,0,,681,1,22.9,0.725,high,4,Morning Peak
GR19,Shivaji Park,Green Line,2024-02-25 10:00:00,10,6,1,196,14,28.0,0.0,Clear,0,,784,1,14.0,0.443,medium,3,Morning Peak
GR19,Shivaji Park,Green Line,2024-02-25 11:00:00,11,6,1,142,7,28.4,0.0,Clear,0,,659,0,20.3,0.642,medium,4,Mid Morning
GR19,Shivaji Park,Green Line,2024-02-25 12:00:00,12,6,1,146,7,27.4,0.0,Clear,0,,484,0,20.9,0.661,high,4,Mid Morning
GR19,Shivaji Park,Green Line,2024-02-25 13:00:00,13,6,1,137,7,25.6,0.0,Clear,0,,425,0,19.6,0.62,medium,4,Mid Morning
GR19,Shivaji Park,Green Line,2024-02-25 14:00:00,14,6,1,123,7,24.4,0.0,Clear,0,,406,0,17.6,0.557,medium,4,Afternoon
GR19,Shivaji Park,Green Line,2024-02-25 15:00:00,15,6,1,134,7,21.4,0.0,Cloudy,0,,394,0,19.1,0.604,medium,4,Afternoon
GR19,Shivaji Park,Green Line,2024-02-25 16:00:00,16,6,1,155,7,19.6,0.0,Clear,0,,412,0,22.1,0.699,high,4,Afternoon
GR19,Shivaji Park,Green Line,2024-02-25 17:00:00,17,6,1,244,13,20.2,0.0,Clear,0,,533,1,18.8,0.595,medium,4,Evening Peak
GR19,Shivaji Park,Green Line,2024-02-25 18:00:00,18,6,1,307,13,20.4,0.0,Clear,0,,706,1,23.6,0.747,high,4,Evening Peak
GR19,Shivaji Park,Green Line,2024-02-25 19:00:00,19,6,1,270,13,19.3,0.0,Clear,0,,821,1,20.8,0.658,high,4,Evening Peak
GR19,Shivaji Park,Green Line,2024-02-25 20:00:00,20,6,1,190,13,18.1,0.0,Clear,0,,767,1,14.6,0.462,medium,3,Evening Peak
GR19,Shivaji Park,Green Line,2024-02-25 21:00:00,21,6,1,89,5,18.0,0.0,Clear,0,,549,0,17.8,0.563,medium,4,Night
GR19,Shivaji Park,Green Line,2024-02-25 22:00:00,22,6,1,38,5,17.6,0.0,Clear,0,,317,0,7.6,0.241,low,2,Night
GR19,Shivaji Park,Green Line,2024-02-25 23:00:00,23,6,1,11,0,18.8,0.0,Clear,0,,138,0,0.0,0.0,low,1,Night
GR19,Shivaji Park,Green Line,2024-02-26 00:00:00,0,0,0,0,0,20.5,0.0,Clear,0,,49,0,0.0,0.0,low,1,Night
GR19,Shivaji Park,Green Line,2024-02-26 01:00:00,1,0,0,0,0,20.6,0.0,Clear,0,,11,0,0.0,0.0,low,1,Night
GR19,Shivaji Park,Green Line,2024-02-26 02:00:00,2,0,0,0,0,21.8,0.0,Clear,0,,0,0,0.0,0.0,low,1,Night
GR19,Shivaji Park,Green Line,2024-02-26 03:00:00,3,0,0,0,0,22.1,0.0,Clear,0,,0,0,0.0,0.0,low,1,Night
GR19,Shivaji Park,Green Line,2024-02-26 04:00:00,4,0,0,0,0,22.3,0.0,Clear,0,,0,0,0.0,0.0,low,1,Night
GR19,Shivaji Park,Green Line,2024-02-26 05:00:00,5,0,0,0,0,21.1,0.0,Clear,0,,0,0,0.0,0.0,low,1,Night
GR19,Shivaji Park,Green Line,2024-02-26 06:00:00,6,0,0,34,4,24.4,0.0,Clear,0,,34,0,8.5,0.269,low,2,Night
GR19,Shivaji Park,Green Line,2024-02-26 07:00:00,7,0,0,119,6,24.9,0.0,Clear,0,,153,0,19.8,0.627,medium,4,Night
GR19,Shivaji Park,Green Line,2024-02-26 08:00:00,8,0,0,350,14,27.6,0.0,Clear,0,,503,1,25.0,0.791,high,5,Morning Peak
GR19,Shivaji Park,Green Line,2024-02-26 09:00:00,9,0,0,414,14,28.9,0.0,Clear,0,,883,1,29.6,0.937,high,5,Morning Peak
GR19,Shivaji Park,Green Line,2024-02-26 10:00:00,10,0,0,277,14,29.2,0.0,Clear,0,,1041,1,19.8,0.627,medium,4,Morning Peak
GR19,Shivaji Park,Green Line,2024-02-26 11:00:00,11,0,0,199,7,28.6,0.0,Cloudy,0,,890,0,28.4,0.899,high,5,Mid Morning
GR19,Shivaji Park,Green Line,2024-02-26 12:00:00,12,0,0,205,7,27.0,0.0,Clear,0,,681,0,29.3,0.927,high,5,Mid Morning
GR19,Shivaji Park,Green Line,2024-02-26 13:00:00,13,0,0,169,7,25.0,0.0,Clear,0,,573,0,24.1,0.763,high,5,Mid Morning
GR19,Shivaji Park,Green Line,2024-02-26 14:00:00,14,0,0,168,7,23.0,0.0,Clear,0,,542,0,24.0,0.759,high,5,Afternoon
GR19,Shivaji Park,Green Line,2024-02-26 15:00:00,15,0,0,186,7,20.6,0.0,Clear,0,,523,0,26.6,0.842,high,5,Afternoon
GR19,Shivaji Park,Green Line,2024-02-26 16:00:00,16,0,0,219,7,19.8,0.0,Clear,0,,573,0,31.3,0.991,high,5,Afternoon
GR19,Shivaji Park,Green Line,2024-02-26 17:00:00,17,0,0,328,13,20.6,0.0,Clear,0,,733,1,25.2,0.797,high,5,Evening Peak
GR19,Shivaji Park,Green Line,2024-02-26 18:00:00,18,0,0,370,13,20.3,0.0,Cloudy,0,,917,1,28.5,0.902,high,5,Evening Peak
GR19,Shivaji Park,Green Line,2024-02-26 19:00:00,19,0,0,390,13,17.7,0.0,Clear,0,,1088,1,30.0,0.949,high,5,Evening Peak
GR19,Shivaji Park,Green Line,2024-02-26 20:00:00,20,0,0,286,13,18.6,0.0,Clear,0,,1046,1,22.0,0.696,high,4,Evening Peak
GR19,Shivaji Park,Green Line,2024-02-26 21:00:00,21,0,0,123,5,18.6,0.0,Clear,0,,799,0,24.6,0.778,high,5,Night
GR19,Shivaji Park,Green Line,2024-02-26 22:00:00,22,0,0,51,5,17.6,0.0,Clear,0,,460,0,10.2,0.323,low,2,Night
GR19,Shivaji Park,Green Line,2024-02-26 23:00:00,23,0,0,16,0,18.9,0.0,Clear,0,,190,0,0.0,0.0,low,1,Night
GR19,Shivaji Park,Green Line,2024-02-27 00:00:00,0,1,0,0,0,21.1,0.0,Clear,0,,67,0,0.0,0.0,low,1,Night
GR19,Shivaji Park,Green Line,2024-02-27 01:00:00,1,1,0,0,0,20.4,0.0,Clear,0,,16,0,0.0,0.0,low,1,Night
GR19,Shivaji Park,Green Line,2024-02-27 02:00:00,2,1,0,0,0,20.4,0.0,Clear,0,,0,0,0.0,0.0,low,1,Night
GR19,Shivaji Park,Green Line,2024-02-27 03:00:00,3,1,0,0,0,21.6,0.0,Clear,0,,0,0,0.0,0.0,low,1,Night
GR19,Shivaji Park,Green Line,2024-02-27 04:00:00,4,1,0,0,0,23.8,0.0,Clear,0,,0,0,0.0,0.0,low,1,Night
GR19,Shivaji Park,Green Line,2024-02-27 05:00:00,5,1,0,0,0,21.1,0.0,Clear,0,,0,0,0.0,0.0,low,1,Night
GR19,Shivaji Park,Green Line,2024-02-27 06:00:00,6,1,0,33,4,23.2,0.0,Clear,0,,33,0,8.2,0.259,low,2,Night
GR19,Shivaji Park,Green Line,2024-02-27 07:00:00,7,1,0,120,6,23.9,0.0,Clear,0,,153,0,20.0,0.633,medium,4,Night
GR19,Shivaji Park,Green Line,2024-02-27 08:00:00,8,1,0,383,14,27.9,0.0,Clear,0,,536,1,27.4,0.867,high,5,Morning Peak
GR19,Shivaji Park,Green Line,2024-02-27 09:00:00,9,1,0,409,14,30.0,0.0,Clear,0,,912,1,29.2,0.924,high,5,Morning Peak
GR19,Shivaji Park,Green Line,2024-02-27 10:00:00,10,1,0,298,14,29.2,0.0,Clear,0,,1090,1,21.3,0.674,high,4,Morning Peak
GR19,Shivaji Park,Green Line,2024-02-27 11:00:00,11,1,0,192,7,28.9,0.0,Clear,0,,899,0,27.4,0.867,high,5,Mid Morning
GR19,Shivaji Park,Green Line,2024-02-27 12:00:00,12,1,0,203,7,26.7,0.0,Clear,0,,693,0,29.0,0.918,high,5,Mid Morning
GR19,Shivaji Park,Green Line,2024-02-27 13:00:00,13,1,0,168,7,26.3,0.0,Clear,0,,563,0,24.0,0.759,high,5,Mid Morning
GR19,Shivaji Park,Green Line,2024-02-27 14:00:00,14,1,0,170,7,23.2,0.0,Clear,0,,541,0,24.3,0.769,high,5,Afternoon
GR19,Shivaji Park,Green Line,2024-02-27 15:00:00,15,1,0,179,7,20.8,0.0,Clear,0,,517,0,25.6,0.81,high,5,Afternoon
GR19,Shivaji Park,Green Line,2024-02-27 16:00:00,16,1,0,235,7,20.7,0.0,Clear,0,,584,0,33.6,1.0,high,5,Afternoon
GR19,Shivaji Park,Green Line,2024-02-27 17:00:00,17,1,0,354,13,21.6,0.0,Clear,0,,768,1,27.2,0.861,high,5,Evening Peak
GR19,Shivaji Park,Green Line,2024-02-27 18:00:00,18,1,0,387,13,18.3,0.0,Clear,0,,976,1,29.8,0.943,high,5,Evening Peak
GR19,Shivaji Park,Green Line,2024-02-27 19:00:00,19,1,0,380,13,20.3,0.0,Clear,0,,1121,1,29.2,0.924,high,5,Evening Peak
GR19,Shivaji Park,Green Line,2024-02-27 20:00:00,20,1,0,251,13,19.5,0.0,Clear,0,,1018,1,19.3,0.611,medium,4,Evening Peak
GR19,Shivaji Park,Green Line,2024-02-27 21:00:00,21,1,0,112,5,19.0,0.0,Clear,0,,743,0,22.4,0.709,high,4,Night
GR19,Shivaji Park,Green Line,2024-02-27 22:00:00,22,1,0,48,5,20.1,0.0,Clear,0,,411,0,9.6,0.304,low,2,Night
GR19,Shivaji Park,Green Line,2024-02-27 23:00:00,23,1,0,16,0,20.0,0.0,Clear,0,,176,0,0.0,0.0,low,1,Night
GR19,Shivaji Park,Green Line,2024-02-28 00:00:00,0,2,0,0,0,20.2,0.0,Clear,0,,64,0,0.0,0.0,low,1,Night
GR19,Shivaji Park,Green Line,2024-02-28 01:00:00,1,2,0,0,0,21.8,0.0,Clear,0,,16,0,0.0,0.0,low,1,Night
GR19,Shivaji Park,Green Line,2024-02-28 02:00:00,2,2,0,0,0,23.8,0.0,Clear,0,,0,0,0.0,0.0,low,1,Night
GR19,Shivaji Park,Green Line,2024-02-28 03:00:00,3,2,0,0,0,22.9,0.0,Clear,0,,0,0,0.0,0.0,low,1,Night
GR19,Shivaji Park,Green Line,2024-02-28 04:00:00,4,2,0,0,0,23.4,0.0,Clear,0,,0,0,0.0,0.0,low,1,Night
GR19,Shivaji Park,Green Line,2024-02-28 05:00:00,5,2,0,0,0,21.0,0.0,Clear,0,,0,0,0.0,0.0,low,1,Night
GR19,Shivaji Park,Green Line,2024-02-28 06:00:00,6,2,0,31,4,24.0,0.0,Clear,0,,31,0,7.8,0.247,low,2,Night
GR19,Shivaji Park,Green Line,2024-02-28 07:00:00,7,2,0,115,6,27.5,0.0,Clear,0,,146,0,19.2,0.608,medium,4,Night
GR19,Shivaji Park,Green Line,2024-02-28 08:00:00,8,2,0,354,14,28.7,0.0,Clear,0,,500,1,25.3,0.801,high,5,Morning Peak
GR19,Shivaji Park,Green Line,2024-02-28 09:00:00,9,2,0,419,14,29.3,0.0,Clear,0,,888,1,29.9,0.946,high,5,Morning Peak
GR19,Shivaji Park,Green Line,2024-02-28 10:00:00,10,2,0,281,14,31.0,0.0,Clear,0,,1054,1,20.1,0.636,medium,4,Morning Peak
GR19,Shivaji Park,Green Line,2024-02-28 11:00:00,11,2,0,190,7,29.6,0.0,Clear,0,,890,0,27.1,0.858,high,5,Mid Morning
GR19,Shivaji Park,Green Line,2024-02-28 12:00:00,12,2,0,195,7,28.4,0.0,Clear,0,,666,0,27.9,0.883,high,5,Mid Morning
GR19,Shivaji Park,Green Line,2024-02-28 13:00:00,13,2,0,193,7,26.3,0.0,Clear,0,,578,0,27.6,0.873,high,5,Mid Morning
GR19,Shivaji Park,Green Line,2024-02-28 14:00:00,14,2,0,168,7,23.5,0.0,Clear,0,,556,0,24.0,0.759,high,5,Afternoon
GR19,Shivaji Park,Green Line,2024-02-28 15:00:00,15,2,0,179,7,21.6,0.0,Clear,0,,540,0,25.6,0.81,high,5,Afternoon
GR19,Shivaji Park,Green Line,2024-02-28 16:00:00,16,2,0,206,7,21.4,0.0,Clear,0,,553,0,29.4,0.93,high,5,Afternoon
GR19,Shivaji Park,Green Line,2024-02-28 17:00:00,17,2,0,361,13,20.7,0.0,Clear,0,,746,1,27.8,0.88,high,5,Evening Peak
GR19,Shivaji Park,Green Line,2024-02-28 18:00:00,18,2,0,411,13,19.7,0.0,Clear,0,,978,1,31.6,1.0,high,5,Evening Peak
GR19,Shivaji Park,Green Line,2024-02-28 19:00:00,19,2,0,339,13,20.2,0.0,Clear,0,,1111,1,26.1,0.826,high,5,Evening Peak
GR19,Shivaji Park,Green Line,2024-02-28 20:00:00,20,2,0,282,13,20.9,0.0,Clear,0,,1032,1,21.7,0.687,high,4,Evening Peak
GR19,Shivaji Park,Green Line,2024-02-28 21:00:00,21,2,0,124,5,19.0,0.0,Clear,0,,745,0,24.8,0.785,high,5,Night
GR19,Shivaji Park,Green Line,2024-02-28 22:00:00,22,2,0,53,5,20.1,0.0,Clear,0,,459,0,10.6,0.335,low,2,Night
GR19,Shivaji Park,Green Line,2024-02-28 23:00:00,23,2,0,17,0,19.3,0.0,Clear,0,,194,0,0.0,0.0,low,1,Night
GR19,Shivaji Park,Green Line,2024-02-29 00:00:00,0,3,0,0,0,20.3,0.0,Clear,0,,70,0,0.0,0.0,low,1,Night
GR19,Shivaji Park,Green Line,2024-02-29 01:00:00,1,3,0,0,0,23.1,0.0,Clear,0,,17,0,0.0,0.0,low,1,Night
GR19,Shivaji Park,Green Line,2024-02-29 02:00:00,2,3,0,0,0,21.8,0.0,Clear,0,,0,0,0.0,0.0,low,1,Night
GR19,Shivaji Park,Green Line,2024-02-29 03:00:00,3,3,0,0,0,24.5,0.0,Clear,0,,0,0,0.0,0.0,low,1,Night
GR19,Shivaji Park,Green Line,2024-02-29 04:00:00,4,3,0,0,0,23.5,0.0,Clear,0,,0,0,0.0,0.0,low,1,Night
GR19,Shivaji Park,Green Line,2024-02-29 05:00:00,5,3,0,0,0,22.4,0.0,Clear,0,,0,0,0.0,0.0,low,1,Night
GR19,Shivaji Park,Green Line,2024-02-29 06:00:00,6,3,0,30,4,25.7,0.0,Clear,0,,30,0,7.5,0.237,low,2,Night
GR19,Shivaji Park,Green Line,2024-02-29 07:00:00,7,3,0,120,6,27.9,0.0,Clear,0,,150,0,20.0,0.633,medium,4,Night
GR19,Shivaji Park,Green Line,2024-02-29 08:00:00,8,3,0,383,14,29.4,0.0,Clear,0,,533,1,27.4,0.867,high,5,Morning Peak
GR19,Shivaji Park,Green Line,2024-02-29 09:00:00,9,3,0,408,14,28.3,0.0,Clear,0,,911,1,29.1,0.921,high,5,Morning Peak
GR19,Shivaji Park,Green Line,2024-02-29 10:00:00,10,3,0,266,14,29.7,0.0,Clear,0,,1057,1,19.0,0.601,medium,4,Morning Peak
GR19,Shivaji Park,Green Line,2024-02-29 11:00:00,11,3,0,205,7,28.5,0.0,Clear,0,,879,0,29.3,0.927,high,5,Mid Morning
GR19,Shivaji Park,Green Line,2024-02-29 12:00:00,12,3,0,207,7,29.3,0.0,Clear,0,,678,0,29.6,0.937,high,5,Mid Morning
GR19,Shivaji Park,Green Line,2024-02-29 13:00:00,13,3,0,169,7,25.9,0.0,Clear,0,,581,0,24.1,0.763,high,5,Mid Morning
GR19,Shivaji Park,Green Line,2024-02-29 14:00:00,14,3,0,157,7,24.2,0.0,Clear,0,,533,0,22.4,0.709,high,4,Afternoon
GR19,Shivaji Park,Green Line,2024-02-29 15:00:00,15,3,0,172,7,21.3,0.0,Clear,0,,498,0,24.6,0.778,high,5,Afternoon
GR19,Shivaji Park,Green Line,2024-02-29 16:00:00,16,3,0,232,7,21.6,0.0,Clear,0,,561,0,33.1,1.0,high,5,Afternoon
GR19,Shivaji Park,Green Line,2024-02-29 17:00:00,17,3,0,368,13,19.6,0.0,Clear,0,,772,1,28.3,0.896,high,5,Evening Peak
GR19,Shivaji Park,Green Line,2024-02-29 18:00:00,18,3,0,430,13,20.8,0.0,Clear,0,,1030,1,33.1,1.0,high,5,Evening Peak
GR19,Shivaji Park,Green Line,2024-02-29 19:00:00,19,3,0,375,13,19.5,0.0,Clear,0,,1173,1,28.8,0.911,high,5,Evening Peak
GR19,Shivaji Park,Green Line,2024-02-29 20:00:00,20,3,0,255,13,18.9,0.0,Clear,0,,1060,1,19.6,0.62,medium,4,Evening Peak
GR19,Shivaji Park,Green Line,2024-02-29 21:00:00,21,3,0,122,5,18.7,0.0,Clear,0,,752,0,24.4,0.772,high,5,Night
GR19,Shivaji Park,Green Line,2024-02-29 22:00:00,22,3,0,51,5,17.2,0.0,Clear,0,,428,0,10.2,0.323,low,2,Night
GR19,Shivaji Park,Green Line,2024-02-29 23:00:00,23,3,0,15,0,18.2,0.0,Clear,0,,188,0,0.0,0.0,low,1,Night
GR19,Shivaji Park,Green Line,2024-03-01 00:00:00,0,4,0,0,0,20.3,0.0,Clear,0,,66,0,0.0,0.0,low,1,Night
GR19,Shivaji Park,Green Line,2024-03-01 01:00:00,1,4,0,0,0,23.7,0.0,Clear,0,,15,0,0.0,0.0,low,1,Night
GR19,Shivaji Park,Green Line,2024-03-01 02:00:00,2,4,0,0,0,21.4,0.0,Clear,0,,0,0,0.0,0.0,low,1,Night
GR19,Shivaji Park,Green Line,2024-03-01 03:00:00,3,4,0,0,0,25.0,0.0,Clear,0,,0,0,0.0,0.0,low,1,Night
GR19,Shivaji Park,Green Line,2024-03-01 04:00:00,4,4,0,0,0,23.9,0.0,Clear,0,,0,0,0.0,0.0,low,1,Night
GR19,Shivaji Park,Green Line,2024-03-01 05:00:00,5,4,0,0,0,22.0,0.0,Clear,0,,0,0,0.0,0.0,low,1,Night
GR19,Shivaji Park,Green Line,2024-03-01 06:00:00,6,4,0,32,4,24.3,0.0,Clear,0,,32,0,8.0,0.253,low,2,Night
GR19,Shivaji Park,Green Line,2024-03-01 07:00:00,7,4,0,111,6,27.3,0.0,Clear,0,,143,0,18.5,0.585,medium,4,Night
GR19,Shivaji Park,Green Line,2024-03-01 08:00:00,8,4,0,342,14,29.1,0.0,Clear,0,,485,1,24.4,0.772,high,5,Morning Peak
GR19,Shivaji Park,Green Line,2024-03-01 09:00:00,9,4,0,442,14,30.9,0.0,Clear,0,,895,1,31.6,1.0,high,5,Morning Peak
GR19,Shivaji Park,Green Line,2024-03-01 10:00:00,10,4,0,277,14,30.2,0.0,Clear,0,,1061,1,19.8,0.627,medium,4,Morning Peak
GR19,Shivaji Park,Green Line,2024-03-01 11:00:00,11,4,0,185,7,30.0,0.0,Cloudy,0,,904,0,26.4,0.835,high,5,Mid Morning
GR19,Shivaji Park,Green Line,2024-03-01 12:00:00,12,4,0,215,7,27.9,0.0,Clear,0,,677,0,30.7,0.972,high,5,Mid Morning
GR19,Shivaji Park,Green Line,2024-03-01 13:00:00,13,4,0,174,7,28.2,0.0,Cloudy,0,,574,0,24.9,0.788,high,5,Mid Morning
GR19,Shivaji Park,Green Line,2024-03-01 14:00:00,14,4,0,160,7,25.2,0.0,Clear,0,,549,0,22.9,0.725,high,4,Afternoon
GR19,Shivaji Park,Green Line,2024-03-01 15:00:00,15,4,0,174,7,21.4,0.0,Clear,0,,508,0,24.9,0.788,high,5,Afternoon
GR19,Shivaji Park,Green Line,2024-03-01 16:00:00,16,4,0,235,7,21.1,0.0,Clear,0,,569,0,33.6,1.0,high,5,Afternoon
GR19,Shivaji Park,Green Line,2024-03-01 17:00:00,17,4,0,361,13,19.9,0.0,Clear,0,,770,1,27.8,0.88,high,5,Evening Peak
GR19,Shivaji Park,Green Line,2024-03-01 18:00:00,18,4,0,430,13,19.6,0.0,Clear,0,,1026,1,33.1,1.0,high,5,Evening Peak
GR19,Shivaji Park,Green Line,2024-03-01 19:00:00,19,4,0,371,13,20.1,0.0,Clear,0,,1162,1,28.5,0.902,high,5,Evening Peak
GR19,Shivaji Park,Green Line,2024-03-01 20:00:00,20,4,0,280,13,18.6,0.0,Clear,0,,1081,1,21.5,0.68,high,4,Evening Peak
GR19,Shivaji Park,Green Line,2024-03-01 21:00:00,21,4,0,113,5,19.8,0.0,Clear,0,,764,0,22.6,0.715,high,4,Night
GR19,Shivaji Park,Green Line,2024-03-01 22:00:00,22,4,0,54,5,18.5,0.0,Clear,0,,447,0,10.8,0.342,low,2,Night
GR19,Shivaji Park,Green Line,2024-03-01 23:00:00,23,4,0,15,0,17.9,0.0,Clear,0,,182,0,0.0,0.0,low,1,Night
GR19,Shivaji Park,Green Line,2024-03-02 00:00:00,0,5,1,0,0,21.3,0.0,Clear,0,,69,0,0.0,0.0,low,1,Night
GR19,Shivaji Park,Green Line,2024-03-02 01:00:00,1,5,1,0,0,22.4,0.0,Clear,0,,15,0,0.0,0.0,low,1,Night
GR19,Shivaji Park,Green Line,2024-03-02 02:00:00,2,5,1,0,0,23.7,0.0,Clear,0,,0,0,0.0,0.0,low,1,Night
GR19,Shivaji Park,Green Line,2024-03-02 03:00:00,3,5,1,0,0,23.5,0.0,Clear,0,,0,0,0.0,0.0,low,1,Night
GR19,Shivaji Park,Green Line,2024-03-02 04:00:00,4,5,1,0,0,25.7,0.0,Clear,0,,0,0,0.0,0.0,low,1,Night
GR19,Shivaji Park,Green Line,2024-03-02 05:00:00,5,5,1,0,0,21.2,0.0,Clear,0,,0,0,0.0,0.0,low,1,Night
GR19,Shivaji Park,Green Line,2024-03-02 06:00:00,6,5,1,23,4,25.2,0.0,Clear,0,,23,0,5.8,0.184,low,2,Night
GR19,Shivaji Park,Green Line,2024-03-02 07:00:00,7,5,1,82,6,27.4,0.0,Clear,0,,105,0,13.7,0.434,medium,3,Night
GR19,Shivaji Park,Green Line,2024-03-02 08:00:00,8,5,1,276,14,29.3,0.0,Clear,0,,381,1,19.7,0.623,medium,4,Morning Peak
GR19,Shivaji Park,Green Line,2024-03-02 09:00:00,9,5,1,312,14,33.3,0.0,Clear,0,,670,1,22.3,0.706,high,4,Morning Peak
GR19,Shivaji Park,Green Line,2024-03-02 10:00:00,10,5,1,194,14,32.0,0.0,Cloudy,0,,782,1,13.9,0.44,medium,3,Morning Peak
GR19,Shivaji Park,Green Line,2024-03-02 11:00:00,11,5,1,150,7,31.0,0.0,Clear,0,,656,0,21.4,0.677,high,4,Mid Morning
GR19,Shivaji Park,Green Line,2024-03-02 12:00:00,12,5,1,135,7,29.5,1.4,Light Rain,0,,479,0,19.3,0.611,medium,4,Mid Morning
GR19,Shivaji Park,Green Line,2024-03-02 13:00:00,13,5,1,133,7,26.7,0.6,Light Rain,0,,418,0,19.0,0.601,medium,4,Mid Morning
GR19,Shivaji Park,Green Line,2024-03-02 14:00:00,14,5,1,118,7,25.4,1.6,Light Rain,0,,386,0,16.9,0.535,medium,3,Afternoon
GR19,Shivaji Park,Green Line,2024-03-02 15:00:00,15,5,1,128,7,23.2,0.4,Light Rain,0,,379,0,18.3,0.579,medium,4,Afternoon
GR19,Shivaji Park,Green Line,2024-03-02 16:00:00,16,5,1,154,7,22.3,0.6,Light Rain,0,,400,0,22.0,0.696,high,4,Afternoon
GR19,Shivaji Park,Green Line,2024-03-02 17:00:00,17,5,1,239,13,21.1,1.3,Light Rain,0,,521,1,18.4,0.582,medium,4,Evening Peak
GR19,Shivaji Park,Green Line,2024-03-02 18:00:00,18,5,1,287,13,22.0,1.8,Light Rain,0,,680,1,22.1,0.699,high,4,Evening Peak
GR19,Shivaji Park,Green Line,2024-03-02 19:00:00,19,5,1,276,13,19.7,1.1,Light Rain,0,,802,1,21.2,0.671,high,4,Evening Peak
GR19,Shivaji Park,Green Line,2024-03-02 20:00:00,20,5,1,199,13,20.1,1.1,Light Rain,0,,762,1,15.3,0.484,medium,3,Evening Peak
GR19,Shivaji Park,Green Line,2024-03-02 21:00:00,21,5,1,90,5,20.6,0.0,Cloudy,0,,565,0,18.0,0.57,medium,4,Night
GR19,Shivaji Park,Green Line,2024-03-02 22:00:00,22,5,1,38,5,18.6,0.0,Clear,0,,327,0,7.6,0.241,low,2,Night
GR19,Shivaji Park,Green Line,2024-03-02 23:00:00,23,5,1,11,0,19.4,0.0,Clear,0,,139,0,0.0,0.0,low,1,Night
GR19,Shivaji Park,Green Line,2024-03-03 00:00:00,0,6,1,0,0,21.9,0.0,Clear,0,,49,0,0.0,0.0,low,1,Night
GR19,Shivaji Park,Green Line,2024-03-03 01:00:00,1,6,1,0,0,23.5,0.0,Clear,0,,11,0,0.0,0.0,low,1,Night
GR19,Shivaji Park,Green Line,2024-03-03 02:00:00,2,6,1,0,0,22.6,0.0,Clear,0,,0,0,0.0,0.0,low,1,Night
GR19,Shivaji Park,Green Line,2024-03-03 03:00:00,3,6,1,0,0,23.5,0.0,Clear,0,,0,0,0.0,0.0,low,1,Night
GR19,Shivaji Park,Green Line,2024-03-03 04:00:00,4,6,1,0,0,24.7,0.0,Clear,0,,0,0,0.0,0.0,low,1,Night
GR19,Shivaji Park,Green Line,2024-03-03 05:00:00,5,6,1,0,0,22.3,0.0,Clear,0,,0,0,0.0,0.0,low,1,Night
GR19,Shivaji Park,Green Line,2024-03-03 06:00:00,6,6,1,25,4,25.4,0.0,Clear,0,,25,0,6.2,0.196,low,2,Night
GR19,Shivaji Park,Green Line,2024-03-03 07:00:00,7,6,1,90,6,27.7,0.0,Clear,0,,115,0,15.0,0.475,medium,3,Night
GR19,Shivaji Park,Green Line,2024-03-03 08:00:00,8,6,1,286,14,27.8,0.0,Clear,0,,401,1,20.4,0.646,medium,4,Morning Peak
GR19,Shivaji Park,Green Line,2024-03-03 09:00:00,9,6,1,313,14,30.9,0.0,Clear,0,,689,1,22.4,0.709,high,4,Morning Peak
GR19,Shivaji Park,Green Line,2024-03-03 10:00:00,10,6,1,200,14,31.9,0.0,Clear,0,,799,1,14.3,0.453,medium,3,Morning Peak
GR19,Shivaji Park,Green Line,2024-03-03 11:00:00,11,6,1,151,7,32.5,0.0,Clear,0,,664,0,21.6,0.684,high,4,Mid Morning
GR19,Shivaji Park,Green Line,2024-03-03 12:00:00,12,6,1,143,7,28.1,0.0,Clear,0,,494,0,20.4,0.646,medium,4,Mid Morning
GR19,Shivaji Park,Green Line,2024-03-03 13:00:00,13,6,1,132,7,27.9,0.0,Clear,0,,426,0,18.9,0.598,medium,4,Mid Morning
GR19,Shivaji Park,Green Line,2024-03-03 14:00:00,14,6,1,114,7,25.4,0.0,Clear,0,,389,0,16.3,0.516,medium,3,Afternoon
GR19,Shivaji Park,Green Line,2024-03-03 15:00:00,15,6,1,135,7,21.5,0.0,Clear,0,,381,0,19.3,0.611,medium,4,Afternoon
GR19,Shivaji Park,Green Line,2024-03-03 16:00:00,16,6,1,158,7,22.7,0.0,Clear,0,,407,0,22.6,0.715,high,4,Afternoon
GR19,Shivaji Park,Green Line,2024-03-03 17:00:00,17,6,1,256,13,20.6,0.0,Clear,0,,549,1,19.7,0.623,medium,4,Evening Peak
GR19,Shivaji Park,Green Line,2024-03-03 18:00:00,18,6,1,304,13,20.7,0.0,Clear,0,,718,1,23.4,0.741,high,4,Evening Peak
GR19,Shivaji Park,Green Line,2024-03-03 19:00:00,19,6,1,282,13,19.9,0.0,Clear,0,,842,1,21.7,0.687,high,4,Evening Peak
GR19,Shivaji Park,Green Line,2024-03-03 20:00:00,20,6,1,195,13,19.9,0.0,Clear,0,,781,1,15.0,0.475,medium,3,Evening Peak
GR19,Shivaji Park,Green Line,2024-03-03 21:00:00,21,6,1,83,5,19.8,0.0,Cloudy,0,,560,0,16.6,0.525,medium,3,Night
GR19,Shivaji Park,Green Line,2024-03-03 22:00:00,22,6,1,37,5,18.2,0.0,Clear,0,,315,0,7.4,0.234,low,2,Night
GR19,Shivaji Park,Green Line,2024-03-03 23:00:00,23,6,1,11,0,19.0,0.0,Clear,0,,131,0,0.0,0.0,low,1,Night
GR19,Shivaji Park,Green Line,2024-03-04 00:00:00,0,0,0,0,0,21.7,0.0,Clear,0,,48,0,0.0,0.0,low,1,Night
GR19,Shivaji Park,Green Line,2024-03-04 01:00:00,1,0,0,0,0,22.1,0.0,Clear,0,,11,0,0.0,0.0,low,1,Night
GR19,Shivaji Park,Green Line,2024-03-04 02:00:00,2,0,0,0,0,23.5,0.0,Clear,0,,0,0,0.0,0.0,low,1,Night
GR19,Shivaji Park,Green Line,2024-03-04 03:00:00,3,0,0,0,0,22.9,0.0,Clear,0,,0,0,0.0,0.0,low,1,Night
GR19,Shivaji Park,Green Line,2024-03-04 04:00:00,4,0,0,0,0,22.8,0.0,Cloudy,0,,0,0,0.0,0.0,low,1,Night
GR19,Shivaji Park,Green Line,2024-03-04 05:00:00,5,0,0,0,0,22.4,0.0,Clear,0,,0,0,0.0,0.0,low,1,Night
GR19,Shivaji Park,Green Line,2024-03-04 06:00:00,6,0,0,30,4,25.0,0.0,Cloudy,0,,30,0,7.5,0.237,low,2,Night
GR19,Shivaji Park,Green Line,2024-03-04 07:00:00,7,0,0,111,6,27.8,0.0,Clear,0,,141,0,18.5,0.585,medium,4,Night
GR19,Shivaji Park,Green Line,2024-03-04 08:00:00,8,0,0,347,14,30.3,0.0,Clear,0,,488,1,24.8,0.785,high,5,Morning Peak
GR19,Shivaji Park,Green Line,2024-03-04 09:00:00,9,0,0,466,14,29.6,0.0,Cloudy,0,,924,1,33.3,1.0,high,5,Morning Peak
GR19,Shivaji Park,Green Line,2024-03-04 10:00:00,10,0,0,280,14,31.8,0.0,Clear,0,,1093,1,20.0,0.633,medium,4,Morning Peak
GR19,Shivaji Park,Green Line,2024-03-04 11:00:00,11,0,0,207,7,31.7,0.0,Clear,0,,953,0,29.6,0.937,high,5,Mid Morning
GR19,Shivaji Park,Green Line,2024-03-04 12:00:00,12,0,0,185,7,29.5,0.0,Clear,0,,672,0,26.4,0.835,high,5,Mid Morning
GR19,Shivaji Park,Green Line,2024-03-04 13:00:00,13,0,0,185,7,28.5,0.0,Clear,0,,577,0,26.4,0.835,high,5,Mid Morning
GR19,Shivaji Park,Green Line,2024-03-04 14:00:00,14,0,0,166,7,25.8,0.0,Clear,0,,536,0,23.7,0.75,high,5,Afternoon
GR19,Shivaji Park,Green Line,2024-03-04 15:00:00,15,0,0,178,7,23.4,0.0,Clear,0,,529,0,25.4,0.804,high,5,Afternoon
GR19,Shivaji Park,Green Line,2024-03-04 16:00:00,16,0,0,205,7,21.4,0.0,Clear,0,,549,0,29.3,0.927,high,5,Afternoon
GR19,Shivaji Park,Green Line,2024-03-04 17:00:00,17,0,0,319,13,21.1,0.0,Clear,0,,702,1,24.5,0.775,high,5,Evening Peak
GR19,Shivaji Park,Green Line,2024-03-04 18:00:00,18,0,0,398,13,19.7,0.0,Clear,0,,922,1,30.6,0.968,high,5,Evening Peak
GR19,Shivaji Park,Green Line,2024-03-04 19:00:00,19,0,0,360,13,19.8,0.0,Clear,0,,1077,1,27.7,0.877,high,5,Evening Peak
GR19,Shivaji Park,Green Line,2024-03-04 20:00:00,20,0,0,269,13,20.3,0.0,Clear,0,,1027,1,20.7,0.655,high,4,Evening Peak
GR19,Shivaji Park,Green Line,2024-03-04 21:00:00,21,0,0,126,5,19.7,0.0,Clear,0,,755,0,25.2,0.797,high,5,Night
GR19,Shivaji Park,Green Line,2024-03-04 22:00:00,22,0,0,53,5,20.0,0.0,Clear,0,,448,0,10.6,0.335,low,2,Night
GR19,Shivaji Park,Green Line,2024-03-04 23:00:00,23,0,0,15,0,19.9,0.0,Clear,0,,194,0,0.0,0.0,low,1,Night
GR19,Shivaji Park,Green Line,2024-03-05 00:00:00,0,1,0,0,0,22.8,0.0,Clear,0,,68,0,0.0,0.0,low,1,Night
GR19,Shivaji Park,Green Line,2024-03-05 01:00:00,1,1,0,0,0,23.5,0.0,Clear,0,,15,0,0.0,0.0,low,1,Night
GR19,Shivaji Park,Green Line,2024-03-05 02:00:00,2,1,0,0,0,24.8,0.0,Clear,0,,0,0,0.0,0.0,low,1,Night
GR19,Shivaji Park,Green Line,2024-03-05 03:00:00,3,1,0,0,0,25.0,0.0,Clear,0,,0,0,0.0,0.0,low,1,Night
GR19,Shivaji Park,Green Line,2024-03-05 04:00:00,4,1,0,0,0,24.5,0.0,Clear,0,,0,0,0.0,0.0,low,1,Night
GR19,Shivaji Park,Green Line,2024-03-05 05:00:00,5,1,0,0,0,22.7,0.0,Clear,0,,0,0,0.0,0.0,low,1,Night
GR19,Shivaji Park,Green Line,2024-03-05 06:00:00,6,1,0,31,4,25.8,0.0,Clear,0,,31,0,7.8,0.247,low,2,Night
GR19,Shivaji Park,Green Line,2024-03-05 07:00:00,7,1,0,121,6,28.2,0.0,Cloudy,0,,152,0,20.2,0.639,medium,4,Night
GR19,Shivaji Park,Green Line,2024-03-05 08:00:00,8,1,0,375,14,30.8,0.0,Clear,0,,527,1,26.8,0.848,high,5,Morning Peak
GR19,Shivaji Park,Green Line,2024-03-05 09:00:00,9,1,0,430,14,33.2,0.0,Clear,0,,926,1,30.7,0.972,high,5,Morning Peak
GR19,Shivaji Park,Green Line,2024-03-05 10:00:00,10,1,0,284,14,32.4,0.0,Cloudy,0,,1089,1,20.3,0.642,medium,4,Morning Peak
GR19,Shivaji Park,Green Line,2024-03-05 11:00:00,11,1,0,195,7,33.2,0.0,Clear,0,,909,0,27.9,0.883,high,5,Mid Morning
GR19,Shivaji Park,Green Line,2024-03-05 12:00:00,12,1,0,204,7,29.7,0.0,Clear,0,,683,0,29.1,0.921,high,5,Mid Morning
GR19,Shivaji Park,Green Line,2024-03-05 13:00:00,13,1,0,175,7,28.2,0.0,Clear,0,,574,0,25.0,0.791,high,5,Mid Morning
GR19,Shivaji Park,Green Line,2024-03-05 14:00:00,14,1,0,168,7,25.9,0.0,Clear,0,,547,0,24.0,0.759,high,5,Afternoon
GR19,Shivaji Park,Green Line,2024-03-05 15:00:00,15,1,0,188,7,21.0,0.0,Clear,0,,531,0,26.9,0.851,high,5,Afternoon
GR19,Shivaji Park,Green Line,2024-03-05 16:00:00,16,1,0,211,7,22.5,0.0,Clear,0,,567,0,30.1,0.953,high,5,Afternoon
GR19,Shivaji Park,Green Line,2024-03-05 17:00:00,17,1,0,364,13,20.9,0.0,Clear,0,,763,1,28.0,0.886,high,5,Evening Peak
GR19,Shivaji Park,Green Line,2024-03-05 18:00:00,18,1,0,404,13,20.6,0.0,Clear,0,,979,1,31.1,0.984,high,5,Evening Peak
GR19,Shivaji Park,Green Line,2024-03-05 19:00:00,19,1,0,357,13,20.3,0.0,Cloudy,0,,1125,1,27.5,0.87,high,5,Evening Peak
GR19,Shivaji Park,Green Line,2024-03-05 20:00:00,20,1,0,283,13,20.2,0.0,Clear,0,,1044,1,21.8,0.69,high,4,Evening Peak
GR19,Shivaji Park,Green Line,2024-03-05 21:00:00,21,1,0,125,5,19.6,0.0,Clear,0,,765,0,25.0,0.791,high,5,Night
GR19,Shivaji Park,Green Line,2024-03-05 22:00:00,22,1,0,53,5,18.8,0.0,Clear,0,,461,0,10.6,0.335,low,2,Night
GR19,Shivaji Park,Green Line,2024-03-05 23:00:00,23,1,0,15,0,21.1,0.0,Clear,0,,193,0,0.0,0.0,low,1,Night
GR19,Shivaji Park,Green Line,2024-03-06 00:00:00,0,2,0,0,0,23.2,0.0,Clear,0,,68,0,0.0,0.0,low,1,Night
GR19,Shivaji Park,Green Line,2024-03-06 01:00:00,1,2,0,0,0,23.7,0.0,Clear,0,,15,0,0.0,0.0,low,1,Night
GR19,Shivaji Park,Green Line,2024-03-06 02:00:00,2,2,0,0,0,22.6,0.0,Clear,0,,0,0,0.0,0.0,low,1,Night
GR19,Shivaji Park,Green Line,2024-03-06 03:00:00,3,2,0,0,0,23.0,0.0,Clear,0,,0,0,0.0,0.0,low,1,Night
GR19,Shivaji Park,Green Line,2024-03-06 04:00:00,4,2,0,0,0,25.8,0.0,Clear,0,,0,0,0.0,0.0,low,1,Night
GR19,Shivaji Park,Green Line,2024-03-06 05:00:00,5,2,0,0,0,23.6,0.0,Clear,0,,0,0,0.0,0.0,low,1,Night
GR19,Shivaji Park,Green Line,2024-03-06 06:00:00,6,2,0,34,4,26.2,0.0,Clear,0,,34,0,8.5,0.269,low,2,Night
GR19,Shivaji Park,Green Line,2024-03-06 07:00:00,7,2,0,124,6,27.3,0.0,Clear,0,,158,0,20.7,0.655,high,4,Night
GR19,Shivaji Park,Green Line,2024-03-06 08:00:00,8,2,0,378,14,28.5,0.0,Clear,0,,536,1,27.0,0.854,high,5,Morning Peak
GR19,Shivaji Park,Green Line,2024-03-06 09:00:00,9,2,0,419,14,31.9,0.0,Clear,0,,921,1,29.9,0.946,high,5,Morning Peak
GR19,Shivaji Park,Green Line,2024-03-06 10:00:00,10,2,0,297,14,33.3,0.0,Clear,0,,1094,1,21.2,0.671,high,4,Morning Peak
GR19,Shivaji Park,Green Line,2024-03-06 11:00:00,11,2,0,185,7,32.0,0.0,Clear,0,,901,0,26.4,0.835,high,5,Mid Morning
GR19,Shivaji Park,Green Line,2024-03-06 12:00:00,12,2,0,213,7,31.5,0.0,Clear,0,,695,0,30.4,0.962,high,5,Mid Morning
GR19,Shivaji Park,Green Line,2024-03-06 13:00:00,13,2,0,191,7,28.2,0.0,Clear,0,,589,0,27.3,0.864,high,5,Mid Morning
GR19,Shivaji Park,Green Line,2024-03-06 14:00:00,14,2,0,179,7,27.5,0.0,Clear,0,,583,0,25.6,0.81,high,5,Afternoon
GR19,Shivaji Park,Green Line,2024-03-06 15:00:00,15,2,0,174,7,23.2,0.0,Clear,0,,544,0,24.9,0.788,high,5,Afternoon
GR19,Shivaji Park,Green Line,2024-03-06 16:00:00,16,2,0,215,7,25.1,0.0,Clear,0,,568,0,30.7,0.972,high,5,Afternoon
GR19,Shivaji Park,Green Line,2024-03-06 17:00:00,17,2,0,348,13,22.6,0.0,Clear,0,,737,1,26.8,0.848,high,5,Evening Peak
GR19,Shivaji Park,Green Line,2024-03-06 18:00:00,18,2,0,397,13,22.5,0.0,Clear,0,,960,1,30.5,0.965,high,5,Evening Peak
GR19,Shivaji Park,Green Line,2024-03-06 19:00:00,19,2,0,345,13,21.1,0.0,Clear,0,,1090,1,26.5,0.839,high,5,Evening Peak
GR19,Shivaji Park,Green Line,2024-03-06 20:00:00,20,2,0,273,13,21.2,0.0,Clear,0,,1015,1,21.0,0.665,high,4,Evening Peak
GR19,Shivaji Park,Green Line,2024-03-06 21:00:00,21,2,0,127,5,19.5,0.0,Clear,0,,745,0,25.4,0.804,high,5,Night
GR19,Shivaji Park,Green Line,2024-03-06 22:00:00,22,2,0,51,5,20.6,0.0,Clear,0,,451,0,10.2,0.323,low,2,Night
GR19,Shivaji Park,Green Line,2024-03-06 23:00:00,23,2,0,15,0,20.0,0.0,Clear,0,,193,0,0.0,0.0,low,1,Night
GR19,Shivaji Park,Green Line,2024-03-07 00:00:00,0,3,0,0,0,23.7,0.0,Clear,0,,66,0,0.0,0.0,low,1,Night
GR19,Shivaji Park,Green Line,2024-03-07 01:00:00,1,3,0,0,0,23.1,0.0,Clear,0,,15,0,0.0,0.0,low,1,Night
GR19,Shivaji Park,Green Line,2024-03-07 02:00:00,2,3,0,0,0,20.8,0.0,Clear,0,,0,0,0.0,0.0,low,1,Night
GR19,Shivaji Park,Green Line,2024-03-07 03:00:00,3,3,0,0,0,25.8,0.0,Clear,0,,0,0,0.0,0.0,low,1,Night
GR19,Shivaji Park,Green Line,2024-03-07 04:00:00,4,3,0,0,0,25.8,0.0,Clear,0,,0,0,0.0,0.0,low,1,Night
GR19,Shivaji Park,Green Line,2024-03-07 05:00:00,5,3,0,0,0,22.7,0.0,Clear,0,,0,0,0.0,0.0,low,1,Night
GR19,Shivaji Park,Green Line,2024-03-07 06:00:00,6,3,0,32,4,25.1,0.0,Clear,0,,32,0,8.0,0.253,low,2,Night
GR19,Shivaji Park,Green Line,2024-03-07 07:00:00,7,3,0,128,6,29.1,0.0,Clear,0,,160,0,21.3,0.674,high,4,Night
GR19,Shivaji Park,Green Line,2024-03-07 08:00:00,8,3,0,377,14,30.4,0.0,Cloudy,0,,537,1,26.9,0.851,high,5,Morning Peak
GR19,Shivaji Park,Green Line,2024-03-07 09:00:00,9,3,0,462,14,30.1,0.0,Clear,0,,967,1,33.0,1.0,high,5,Morning Peak
GR19,Shivaji Park,Green Line,2024-03-07 10:00:00,10,3,0,291,14,30.9,0.0,Clear,0,,1130,1,20.8,0.658,high,4,Morning Peak
GR19,Shivaji Park,Green Line,2024-03-07 11:00:00,11,3,0,189,7,32.5,0.0,Clear,0,,942,0,27.0,0.854,high,5,Mid Morning
GR19,Shivaji Park,Green Line,2024-03-07 12:00:00,12,3,0,194,7,30.3,0.0,Clear,0,,674,0,27.7,0.877,high,5,Mid Morning
GR19,Shivaji Park,Green Line,2024-03-07 13:00:00,13,3,0,184,7,27.4,0.0,Clear,0,,567,0,26.3,0.832,high,5,Mid Morning
GR19,Shivaji Park,Green Line,2024-03-07 14:00:00,14,3,0,158,7,27.1,0.0,Clear,0,,536,0,22.6,0.715,high,4,Afternoon
GR19,Shivaji Park,Green Line,2024-03-07 15:00:00,15,3,0,170,7,22.1,0.0,Clear,0,,512,0,24.3,0.769,high,5,Afternoon
GR19,Shivaji Park,Green Line,2024-03-07 16:00:00,16,3,0,219,7,21.6,0.0,Clear,0,,547,0,31.3,0.991,high,5,Afternoon
GR19,Shivaji Park,Green Line,2024-03-07 17:00:00,17,3,0,323,13,21.3,0.0,Clear,0,,712,1,24.8,0.785,high,5,Evening Peak
GR19,Shivaji Park,Green Line,2024-03-07 18:00:00,18,3,0,374,13,21.3,0.0,Clear,0,,916,1,28.8,0.911,high,5,Evening Peak
GR19,Shivaji Park,Green Line,2024-03-07 19:00:00,19,3,0,368,13,21.0,0.0,Clear,0,,1065,1,28.3,0.896,high,5,Evening Peak
GR19,Shivaji Park,Green Line,2024-03-07 20:00:00,20,3,0,268,13,20.4,0.0,Clear,0,,1010,1,20.6,0.652,high,4,Evening Peak
GR19,Shivaji Park,Green Line,2024-03-07 21:00:00,21,3,0,126,5,20.8,0.0,Clear,0,,762,0,25.2,0.797,high,5,Night
GR19,Shivaji Park,Green Line,2024-03-07 22:00:00,22,3,0,52,5,19.6,0.0,Clear,0,,446,0,10.4,0.329,low,2,Night
GR19,Shivaji Park,Green Line,2024-03-07 23:00:00,23,3,0,16,0,20.3,0.0,Clear,0,,194,0,0.0,0.0,low,1,Night
GR19,Shivaji Park,Green Line,2024-03-08 00:00:00,0,4,0,0,0,24.2,0.0,Cloudy,1,Holi,68,0,0.0,0.0,low,1,Night
GR19,Shivaji Park,Green Line,2024-03-08 01:00:00,1,4,0,0,0,21.9,0.0,Clear,1,Holi,16,0,0.0,0.0,low,1,Night
GR19,Shivaji Park,Green Line,2024-03-08 02:00:00,2,4,0,0,0,22.3,0.0,Clear,1,Holi,0,0,0.0,0.0,low,1,Night
GR19,Shivaji Park,Green Line,2024-03-08 03:00:00,3,4,0,0,0,24.1,0.0,Clear,1,Holi,0,0,0.0,0.0,low,1,Night
GR19,Shivaji Park,Green Line,2024-03-08 04:00:00,4,4,0,0,0,25.8,0.0,Clear,1,Holi,0,0,0.0,0.0,low,1,Night
GR19,Shivaji Park,Green Line,2024-03-08 05:00:00,5,4,0,0,0,24.8,0.0,Clear,1,Holi,0,0,0.0,0.0,low,1,Night
GR19,Shivaji Park,Green Line,2024-03-08 06:00:00,6,4,0,22,4,27.3,0.0,Clear,1,Holi,22,0,5.5,0.174,low,2,Night
GR19,Shivaji Park,Green Line,2024-03-08 07:00:00,7,4,0,84,6,29.6,0.0,Clear,1,Holi,106,0,14.0,0.443,medium,3,Night
GR19,Shivaji Park,Green Line,2024-03-08 08:00:00,8,4,0,241,14,32.0,0.0,Clear,1,Holi,347,1,17.2,0.544,medium,3,Morning Peak
GR19,Shivaji Park,Green Line,2024-03-08 09:00:00,9,4,0,292,14,31.5,0.0,Clear,1,Holi,617,1,20.9,0.661,high,4,Morning Peak
GR19,Shivaji Park,Green Line,2024-03-08 10:00:00,10,4,0,197,14,33.9,0.0,Clear,1,Holi,730,1,14.1,0.446,medium,3,Morning Peak
GR19,Shivaji Park,Green Line,2024-03-08 11:00:00,11,4,0,135,7,32.7,0.0,Clear,1,Holi,624,0,19.3,0.611,medium,4,Mid Morning
GR19,Shivaji Park,Green Line,2024-03-08 12:00:00,12,4,0,131,7,31.4,0.0,Clear,1,Holi,463,0,18.7,0.592,medium,4,Mid Morning
GR19,Shivaji Park,Green Line,2024-03-08 13:00:00,13,4,0,116,7,29.3,0.0,Cloudy,1,Holi,382,0,16.6,0.525,medium,3,Mid Morning
GR19,Shivaji Park,Green Line,2024-03-08 14:00:00,14,4,0,104,7,22.9,0.0,Clear,1,Holi,351,0,14.9,0.472,medium,3,Afternoon
GR19,Shivaji Park,Green Line,2024-03-08 15:00:00,15,4,0,126,7,25.7,0.0,Clear,1,Holi,346,0,18.0,0.57,medium,4,Afternoon
GR19,Shivaji Park,Green Line,2024-03-08 16:00:00,16,4,0,138,7,22.7,0.0,Clear,1,Holi,368,0,19.7,0.623,medium,4,Afternoon
GR19,Shivaji Park,Green Line,2024-03-08 17:00:00,17,4,0,217,13,22.1,0.0,Clear,1,Holi,481,1,16.7,0.528,medium,3,Evening Peak
GR19,Shivaji Park,Green Line,2024-03-08 18:00:00,18,4,0,245,13,21.2,0.0,Clear,1,Holi,600,1,18.8,0.595,medium,4,Evening Peak
GR19,Shivaji Park,Green Line,2024-03-08 19:00:00,19,4,0,249,13,21.9,0.0,Clear,1,Holi,711,1,19.2,0.608,medium,4,Evening Peak
GR19,Shivaji Park,Green Line,2024-03-08 20:00:00,20,4,0,186,13,21.7,0.0,Clear,1,Holi,680,1,14.3,0.453,medium,3,Evening Peak
GR19,Shivaji Park,Green Line,2024-03-08 21:00:00,21,4,0,80,5,19.6,0.0,Clear,1,Holi,515,0,16.0,0.506,medium,3,Night
GR19,Shivaji Park,Green Line,2024-03-08 22:00:00,22,4,0,34,5,20.6,0.0,Clear,1,Holi,300,0,6.8,0.215,low,2,Night
GR19,Shivaji Park,Green Line,2024-03-08 23:00:00,23,4,0,10,0,19.9,0.0,Clear,1,Holi,124,0,0.0,0.0,low,1,Night
GR19,Shivaji Park,Green Line,2024-03-09 00:00:00,0,5,1,0,0,22.4,0.0,Clear,0,,44,0,0.0,0.0,low,1,Night
GR19,Shivaji Park,Green Line,2024-03-09 01:00:00,1,5,1,0,0,24.2,0.0,Clear,0,,10,0,0.0,0.0,low,1,Night
GR19,Shivaji Park,Green Line,2024-03-09 02:00:00,2,5,1,0,0,25.7,0.0,Clear,0,,0,0,0.0,0.0,low,1,Night
GR19,Shivaji Park,Green Line,2024-03-09 03:00:00,3,5,1,0,0,25.7,0.0,Clear,0,,0,0,0.0,0.0,low,1,Night
GR19,Shivaji Park,Green Line,2024-03-09 04:00:00,4,5,1,0,0,26.6,0.0,Clear,0,,0,0,0.0,0.0,low,1,Night
GR19,Shivaji Park,Green Line,2024-03-09 05:00:00,5,5,1,0,0,24.3,0.0,Clear,0,,0,0,0.0,0.0,low,1,Night
GR19,Shivaji Park,Green Line,2024-03-09 06:00:00,6,5,1,22,4,27.2,0.0,Cloudy,0,,22,0,5.5,0.174,low,2,Night
GR19,Shivaji Park,Green Line,2024-03-09 07:00:00,7,5,1,84,6,30.4,0.0,Clear,0,,106,0,14.0,0.443,medium,3,Night
GR19,Shivaji Park,Green Line,2024-03-09 08:00:00,8,5,1,272,14,30.8,0.0,Clear,0,,378,1,19.4,0.614,medium,4,Morning Peak
GR19,Shivaji Park,Green Line,2024-03-09 09:00:00,9,5,1,290,14,32.5,0.0,Clear,0,,646,1,20.7,0.655,high,4,Morning Peak
GR19,Shivaji Park,Green Line,2024-03-09 10:00:00,10,5,1,205,14,31.3,0.0,Clear,0,,767,1,14.6,0.462,medium,3,Morning Peak
GR19,Shivaji Park,Green Line,2024-03-09 11:00:00,11,5,1,135,7,33.2,0.0,Clear,0,,630,0,19.3,0.611,medium,4,Mid Morning
GR19,Shivaji Park,Green Line,2024-03-09 12:00:00,12,5,1,137,7,30.0,0.0,Clear,0,,477,0,19.6,0.62,medium,4,Mid Morning
GR19,Shivaji Park,Green Line,2024-03-09 13:00:00,13,5,1,130,7,29.2,0.0,Clear,0,,402,0,18.6,0.589,medium,4,Mid Morning
GR19,Shivaji Park,Green Line,2024-03-09 14:00:00,14,5,1,112,7,25.4,0.0,Clear,0,,379,0,16.0,0.506,medium,3,Afternoon
GR19,Shivaji Park,Green Line,2024-03-09 15:00:00,15,5,1,139,7,25.3,0.0,Clear,0,,381,0,19.9,0.63,medium,4,Afternoon
GR19,Shivaji Park,Green Line,2024-03-09 16:00:00,16,5,1,158,7,23.2,0.0,Clear,0,,409,0,22.6,0.715,high,4,Afternoon
GR19,Shivaji Park,Green Line,2024-03-09 17:00:00,17,5,1,255,13,23.9,0.0,Clear,0,,552,1,19.6,0.62,medium,4,Evening Peak
GR19,Shivaji Park,Green Line,2024-03-09 18:00:00,18,5,1,279,13,22.6,0.0,Clear,0,,692,1,21.5,0.68,high,4,Evening Peak
GR19,Shivaji Park,Green Line,2024-03-09 19:00:00,19,5,1,253,13,21.9,0.0,Clear,0,,787,1,19.5,0.617,medium,4,Evening Peak
GR19,Shivaji Park,Green Line,2024-03-09 20:00:00,20,5,1,180,13,20.0,0.0,Clear,0,,712,1,13.8,0.437,medium,3,Evening Peak
GR19,Shivaji Park,Green Line,2024-03-09 21:00:00,21,5,1,85,5,19.4,0.0,Clear,0,,518,0,17.0,0.538,medium,3,Night
GR19,Shivaji Park,Green Line,2024-03-09 22:00:00,22,5,1,35,5,21.5,0.0,Clear,0,,300,0,7.0,0.222,low,2,Night
GR19,Shivaji Park,Green Line,2024-03-09 23:00:00,23,5,1,11,0,19.8,0.0,Clear,0,,131,0,0.0,0.0,low,1,Night
GR19,Shivaji Park,Green Line,2024-03-10 00:00:00,0,6,1,0,0,22.8,0.0,Clear,0,,46,0,0.0,0.0,low,1,Night
GR19,Shivaji Park,Green Line,2024-03-10 01:00:00,1,6,1,0,0,24.2,0.0,Clear,0,,11,0,0.0,0.0,low,1,Night
GR19,Shivaji Park,Green Line,2024-03-10 02:00:00,2,6,1,0,0,25.6,0.0,Clear,0,,0,0,0.0,0.0,low,1,Night
GR19,Shivaji Park,Green Line,2024-03-10 03:00:00,3,6,1,0,0,26.5,0.0,Clear,0,,0,0,0.0,0.0,low,1,Night
GR19,Shivaji Park,Green Line,2024-03-10 04:00:00,4,6,1,0,0,25.6,0.0,Clear,0,,0,0,0.0,0.0,low,1,Night
GR19,Shivaji Park,Green Line,2024-03-10 05:00:00,5,6,1,0,0,24.4,0.0,Clear,0,,0,0,0.0,0.0,low,1,Night
GR19,Shivaji Park,Green Line,2024-03-10 06:00:00,6,6,1,23,4,26.0,0.0,Clear,0,,23,0,5.8,0.184,low,2,Night
GR19,Shivaji Park,Green Line,2024-03-10 07:00:00,7,6,1,88,6,28.6,0.0,Clear,0,,111,0,14.7,0.465,medium,3,Night
GR19,Shivaji Park,Green Line,2024-03-10 08:00:00,8,6,1,247,14,31.6,0.0,Clear,0,,358,1,17.6,0.557,medium,4,Morning Peak
GR19,Shivaji Park,Green Line,2024-03-10 09:00:00,9,6,1,319,14,33.4,0.0,Clear,0,,654,1,22.8,0.722,high,4,Morning Peak
GR19,Shivaji Park,Green Line,2024-03-10 10:00:00,10,6,1,192,14,34.2,0.0,Clear,0,,758,1,13.7,0.434,medium,3,Morning Peak
GR19,Shivaji Park,Green Line,2024-03-10 11:00:00,11,6,1,141,7,33.1,0.0,Clear,0,,652,0,20.1,0.636,medium,4,Mid Morning
GR19,Shivaji Park,Green Line,2024-03-10 12:00:00,12,6,1,133,7,32.5,0.0,Clear,0,,466,0,19.0,0.601,medium,4,Mid Morning
GR19,Shivaji Park,Green Line,2024-03-10 13:00:00,13,6,1,133,7,30.2,0.0,Cloudy,0,,407,0,19.0,0.601,medium,4,Mid Morning
GR19,Shivaji Park,Green Line,2024-03-10 14:00:00,14,6,1,112,7,27.1,0.0,Clear,0,,378,0,16.0,0.506,medium,3,Afternoon
GR19,Shivaji Park,Green Line,2024-03-10 15:00:00,15,6,1,135,7,23.1,0.0,Clear,0,,380,0,19.3,0.611,medium,4,Afternoon
GR19,Shivaji Park,Green Line,2024-03-10 16:00:00,16,6,1,158,7,24.4,0.0,Clear,0,,405,0,22.6,0.715,high,4,Afternoon
GR19,Shivaji Park,Green Line,2024-03-10 17:00:00,17,6,1,265,13,22.0,0.0,Clear,0,,558,1,20.4,0.646,medium,4,Evening Peak
GR19,Shivaji Park,Green Line,2024-03-10 18:00:00,18,6,1,289,13,22.3,0.0,Clear,0,,712,1,22.2,0.703,high,4,Evening Peak
GR19,Shivaji Park,Green Line,2024-03-10 19:00:00,19,6,1,285,13,21.1,0.0,Clear,0,,839,1,21.9,0.693,high,4,Evening Peak
GR19,Shivaji Park,Green Line,2024-03-10 20:00:00,20,6,1,201,13,22.2,0.0,Clear,0,,775,1,15.5,0.491,medium,3,Evening Peak
GR19,Shivaji Park,Green Line,2024-03-10 21:00:00,21,6,1,93,5,21.7,0.0,Clear,0,,579,0,18.6,0.589,medium,4,Night
GR19,Shivaji Park,Green Line,2024-03-10 22:00:00,22,6,1,40,5,21.0,0.0,Clear,0,,334,0,8.0,0.253,low,2,Night
GR19,Shivaji Park,Green Line,2024-03-10 23:00:00,23,6,1,12,0,22.2,0.0,Clear,0,,145,0,0.0,0.0,low,1,Night
GR19,Shivaji Park,Green Line,2024-03-11 00:00:00,0,0,0,0,0,24.8,0.0,Clear,0,,52,0,0.0,0.0,low,1,Night
GR19,Shivaji Park,Green Line,2024-03-11 01:00:00,1,0,0,0,0,24.2,0.0,Clear,0,,12,0,0.0,0.0,low,1,Night
GR19,Shivaji Park,Green Line,2024-03-11 02:00:00,2,0,0,0,0,26.7,0.0,Clear,0,,0,0,0.0,0.0,low,1,Night
GR19,Shivaji Park,Green Line,2024-03-11 03:00:00,3,0,0,0,0,24.5,0.0,Clear,0,,0,0,0.0,0.0,low,1,Night
GR19,Shivaji Park,Green Line,2024-03-11 04:00:00,4,0,0,0,0,26.3,0.0,Clear,0,,0,0,0.0,0.0,low,1,Night
GR19,Shivaji Park,Green Line,2024-03-11 05:00:00,5,0,0,0,0,24.7,0.0,Clear,0,,0,0,0.0,0.0,low,1,Night
GR19,Shivaji Park,Green Line,2024-03-11 06:00:00,6,0,0,33,4,26.3,0.0,Cloudy,0,,33,0,8.2,0.259,low,2,Night
GR19,Shivaji Park,Green Line,2024-03-11 07:00:00,7,0,0,126,6,30.4,0.0,Clear,0,,159,0,21.0,0.665,high,4,Night
GR19,Shivaji Park,Green Line,2024-03-11 08:00:00,8,0,0,379,14,31.3,0.0,Cloudy,0,,538,1,27.1,0.858,high,5,Morning Peak
GR19,Shivaji Park,Green Line,2024-03-11 09:00:00,9,0,0,406,14,34.0,0.0,Clear,0,,911,1,29.0,0.918,high,5,Morning Peak
GR19,Shivaji Park,Green Line,2024-03-11 10:00:00,10,0,0,288,14,34.4,0.0,Clear,0,,1073,1,20.6,0.652,high,4,Morning Peak
GR19,Shivaji Park,Green Line,2024-03-11 11:00:00,11,0,0,200,7,33.8,0.0,Clear,0,,894,0,28.6,0.905,high,5,Mid Morning
GR19,Shivaji Park,Green Line,2024-03-11 12:00:00,12,0,0,212,7,31.6,0.0,Clear,0,,700,0,30.3,0.959,high,5,Mid Morning
GR19,Shivaji Park,Green Line,2024-03-11 13:00:00,13,0,0,171,7,29.8,0.0,Clear,0,,583,0,24.4,0.772,high,5,Mid Morning
GR19,Shivaji Park,Green Line,2024-03-11 14:00:00,14,0,0,155,7,27.5,0.0,Clear,0,,538,0,22.1,0.699,high,4,Afternoon
GR19,Shivaji Park,Green Line,2024-03-11 15:00:00,15,0,0,178,7,25.9,0.0,Clear,0,,504,0,25.4,0.804,high,5,Afternoon
GR19,Shivaji Park,Green Line,2024-03-11 16:00:00,16,0,0,210,7,25.1,0.0,Clear,0,,543,0,30.0,0.949,high,5,Afternoon
GR19,Shivaji Park,Green Line,2024-03-11 17:00:00,17,0,0,330,13,21.4,0.0,Clear,0,,718,1,25.4,0.804,high,5,Evening Peak
GR19,Shivaji Park,Green Line,2024-03-11 18:00:00,18,0,0,393,13,22.1,0.0,Cloudy,0,,933,1,30.2,0.956,high,5,Evening Peak
GR19,Shivaji Park,Green Line,2024-03-11 19:00:00,19,0,0,343,13,22.4,0.0,Cloudy,0,,1066,1,26.4,0.835,high,5,Evening Peak
GR19,Shivaji Park,Green Line,2024-03-11 20:00:00,20,0,0,268,13,22.2,0.0,Clear,0,,1004,1,20.6,0.652,high,4,Evening Peak
GR19,Shivaji Park,Green Line,2024-03-11 21:00:00,21,0,0,125,5,20.7,0.0,Clear,0,,736,0,25.0,0.791,high,5,Night
GR19,Shivaji Park,Green Line,2024-03-11 22:00:00,22,0,0,55,5,21.5,0.0,Clear,0,,448,0,11.0,0.348,low,2,Night
GR19,Shivaji Park,Green Line,2024-03-11 23:00:00,23,0,0,17,0,20.5,0.0,Clear,0,,197,0,0.0,0.0,low,1,Night
GR19,Shivaji Park,Green Line,2024-03-12 00:00:00,0,1,0,0,0,22.6,0.0,Clear,0,,72,0,0.0,0.0,low,1,Night
GR19,Shivaji Park,Green Line,2024-03-12 01:00:00,1,1,0,0,0,25.3,0.0,Clear,0,,17,0,0.0,0.0,low,1,Night
GR19,Shivaji Park,Green Line,2024-03-12 02:00:00,2,1,0,0,0,26.3,0.0,Clear,0,,0,0,0.0,0.0,low,1,Night
GR19,Shivaji Park,Green Line,2024-03-12 03:00:00,3,1,0,0,0,26.9,0.0,Clear,0,,0,0,0.0,0.0,low,1,Night
GR19,Shivaji Park,Green Line,2024-03-12 04:00:00,4,1,0,0,0,26.5,0.0,Clear,0,,0,0,0.0,0.0,low,1,Night
GR19,Shivaji Park,Green Line,2024-03-12 05:00:00,5,1,0,0,0,24.9,0.0,Cloudy,0,,0,0,0.0,0.0,low,1,Night
GR19,Shivaji Park,Green Line,2024-03-12 06:00:00,6,1,0,34,4,26.7,0.0,Clear,0,,34,0,8.5,0.269,low,2,Night
GR19,Shivaji Park,Green Line,2024-03-12 07:00:00,7,1,0,125,6,31.3,0.0,Clear,0,,159,0,20.8,0.658,high,4,Night
GR19,Shivaji Park,Green Line,2024-03-12 08:00:00,8,1,0,359,14,33.0,0.0,Clear,0,,518,1,25.6,0.81,high,5,Morning Peak
GR19,Shivaji Park,Green Line,2024-03-12 09:00:00,9,1,0,459,14,34.0,0.0,Clear,0,,943,1,32.8,1.0,high,5,Morning Peak
GR19,Shivaji Park,Green Line,2024-03-12 10:00:00,10,1,0,304,14,34.2,0.0,Clear,0,,1122,1,21.7,0.687,high,4,Morning Peak
GR19,Shivaji Park,Green Line,2024-03-12 11:00:00,11,1,0,188,7,34.1,0.0,Clear,0,,951,0,26.9,0.851,high,5,Mid Morning
GR19,Shivaji Park,Green Line,2024-03-12 12:00:00,12,1,0,196,7,31.0,0.0,Clear,0,,688,0,28.0,0.886,high,5,Mid Morning
GR19,Shivaji Park,Green Line,2024-03-12 13:00:00,13,1,0,187,7,31.0,0.0,Clear,0,,571,0,26.7,0.845,high,5,Mid Morning
GR19,Shivaji Park,Green Line,2024-03-12 14:00:00,14,1,0,181,7,26.6,0.0,Clear,0,,564,0,25.9,0.82,high,5,Afternoon
GR19,Shivaji Park,Green Line,2024-03-12 15:00:00,15,1,0,183,7,23.6,0.0,Clear,0,,551,0,26.1,0.826,high,5,Afternoon
GR19,Shivaji Park,Green Line,2024-03-12 16:00:00,16,1,0,237,7,23.8,0.0,Clear,0,,601,0,33.9,1.0,high,5,Afternoon
GR19,Shivaji Park,Green Line,2024-03-12 17:00:00,17,1,0,337,13,24.0,0.0,Clear,0,,757,1,25.9,0.82,high,5,Evening Peak
GR19,Shivaji Park,Green Line,2024-03-12 18:00:00,18,1,0,390,13,24.0,0.0,Clear,0,,964,1,30.0,0.949,high,5,Evening Peak
GR19,Shivaji Park,Green Line,2024-03-12 19:00:00,19,1,0,358,13,21.1,0.0,Clear,0,,1085,1,27.5,0.87,high,5,Evening Peak
GR19,Shivaji Park,Green Line,2024-03-12 20:00:00,20,1,0,267,13,19.9,0.0,Clear,0,,1015,1,20.5,0.649,medium,4,Evening Peak
GR19,Shivaji Park,Green Line,2024-03-12 21:00:00,21,1,0,113,5,21.4,0.0,Clear,0,,738,0,22.6,0.715,high,4,Night
GR19,Shivaji Park,Green Line,2024-03-12 22:00:00,22,1,0,53,5,21.8,0.0,Clear,0,,433,0,10.6,0.335,low,2,Night
GR19,Shivaji Park,Green Line,2024-03-12 23:00:00,23,1,0,16,0,20.7,0.0,Clear,0,,182,0,0.0,0.0,low,1,Night
GR19,Shivaji Park,Green Line,2024-03-13 00:00:00,0,2,0,0,0,23.7,0.0,Clear,0,,69,0,0.0,0.0,low,1,Night
GR19,Shivaji Park,Green Line,2024-03-13 01:00:00,1,2,0,0,0,24.7,0.0,Clear,0,,16,0,0.0,0.0,low,1,Night
GR19,Shivaji Park,Green Line,2024-03-13 02:00:00,2,2,0,0,0,25.9,0.0,Cloudy,0,,0,0,0.0,0.0,low,1,Night
GR19,Shivaji Park,Green Line,2024-03-13 03:00:00,3,2,0,0,0,25.5,0.0,Clear,0,,0,0,0.0,0.0,low,1,Night
GR19,Shivaji Park,Green Line,2024-03-13 04:00:00,4,2,0,0,0,25.8,0.0,Clear,0,,0,0,0.0,0.0,low,1,Night
GR19,Shivaji Park,Green Line,2024-03-13 05:00:00,5,2,0,0,0,24.2,0.0,Clear,0,,0,0,0.0,0.0,low,1,Night
GR19,Shivaji Park,Green Line,2024-03-13 06:00:00,6,2,0,32,4,27.3,0.0,Clear,0,,32,0,8.0,0.253,low,2,Night
GR19,Shivaji Park,Green Line,2024-03-13 07:00:00,7,2,0,115,6,31.6,0.0,Clear,0,,147,0,19.2,0.608,medium,4,Night
GR19,Shivaji Park,Green Line,2024-03-13 08:00:00,8,2,0,344,14,31.1,0.0,Clear,0,,491,1,24.6,0.778,high,5,Morning Peak
GR19,Shivaji Park,Green Line,2024-03-13 09:00:00,9,2,0,399,14,35.0,0.0,Clear,0,,858,1,28.5,0.902,high,5,Morning Peak
GR19,Shivaji Park,Green Line,2024-03-13 10:00:00,10,2,0,295,14,34.6,0.0,Clear,0,,1038,1,21.1,0.668,high,4,Morning Peak
GR19,Shivaji Park,Green Line,2024-03-13 11:00:00,11,2,0,205,7,32.7,0.0,Clear,0,,899,0,29.3,0.927,high,5,Mid Morning
GR19,Shivaji Park,Green Line,2024-03-13 12:00:00,12,2,0,200,7,32.0,0.0,Clear,0,,700,0,28.6,0.905,high,5,Mid Morning
GR19,Shivaji Park,Green Line,2024-03-13 13:00:00,13,2,0,176,7,31.0,0.0,Clear,0,,581,0,25.1,0.794,high,5,Mid Morning
GR19,Shivaji Park,Green Line,2024-03-13 14:00:00,14,2,0,172,7,28.4,0.0,Clear,0,,548,0,24.6,0.778,high,5,Afternoon
GR19,Shivaji Park,Green Line,2024-03-13 15:00:00,15,2,0,189,7,25.4,0.0,Clear,0,,537,0,27.0,0.854,high,5,Afternoon
GR19,Shivaji Park,Green Line,2024-03-13 16:00:00,16,2,0,230,7,24.3,0.0,Clear,0,,591,0,32.9,1.0,high,5,Afternoon
GR19,Shivaji Park,Green Line,2024-03-13 17:00:00,17,2,0,345,13,22.9,0.0,Clear,0,,764,1,26.5,0.839,high,5,Evening Peak
GR19,Shivaji Park,Green Line,2024-03-13 18:00:00,18,2,0,414,13,23.1,0.0,Clear,0,,989,1,31.8,1.0,high,5,Evening Peak
GR19,Shivaji Park,Green Line,2024-03-13 19:00:00,19,2,0,394,13,23.9,0.0,Clear,0,,1153,1,30.3,0.959,high,5,Evening Peak
GR19,Shivaji Park,Green Line,2024-03-13 20:00:00,20,2,0,274,13,21.6,0.0,Clear,0,,1082,1,21.1,0.668,high,4,Evening Peak
GR19,Shivaji Park,Green Line,2024-03-13 21:00:00,21,2,0,130,5,21.5,0.0,Clear,0,,798,0,26.0,0.823,high,5,Night
GR19,Shivaji Park,Green Line,2024-03-13 22:00:00,22,2,0,50,5,22.9,0.0,Clear,0,,454,0,10.0,0.316,low,2,Night
GR19,Shivaji Park,Green Line,2024-03-13 23:00:00,23,2,0,16,0,21.8,0.0,Clear,0,,196,0,0.0,0.0,low,1,Night
GR19,Shivaji Park,Green Line,2024-03-14 00:00:00,0,3,0,0,0,24.1,0.0,Clear,0,,66,0,0.0,0.0,low,1,Night
GR19,Shivaji Park,Green Line,2024-03-14 01:00:00,1,3,0,0,0,26.1,0.0,Clear,0,,16,0,0.0,0.0,low,1,Night
GR19,Shivaji Park,Green Line,2024-03-14 02:00:00,2,3,0,0,0,25.8,0.0,Clear,0,,0,0,0.0,0.0,low,1,Night
GR19,Shivaji Park,Green Line,2024-03-14 03:00:00,3,3,0,0,0,26.9,0.0,Clear,0,,0,0,0.0,0.0,low,1,Night
GR19,Shivaji Park,Green Line,2024-03-14 04:00:00,4,3,0,0,0,27.3,0.0,Clear,0,,0,0,0.0,0.0,low,1,Night
GR19,Shivaji Park,Green Line,2024-03-14 05:00:00,5,3,0,0,0,23.9,0.0,Clear,0,,0,0,0.0,0.0,low,1,Night
GR19,Shivaji Park,Green Line,2024-03-14 06:00:00,6,3,0,34,4,28.2,0.0,Clear,0,,34,0,8.5,0.269,low,2,Night
GR19,Shivaji Park,Green Line,2024-03-14 07:00:00,7,3,0,124,6,30.3,0.0,Clear,0,,158,0,20.7,0.655,high,4,Night
GR19,Shivaji Park,Green Line,2024-03-14 08:00:00,8,3,0,368,14,33.5,0.0,Clear,0,,526,1,26.3,0.832,high,5,Morning Peak
GR19,Shivaji Park,Green Line,2024-03-14 09:00:00,9,3,0,436,14,34.7,0.0,Clear,0,,928,1,31.1,0.984,high,5,Morning Peak
GR19,Shivaji Park,Green Line,2024-03-14 10:00:00,10,3,0,269,14,33.3,0.0,Clear,0,,1073,1,19.2,0.608,medium,4,Morning Peak
GR19,Shivaji Park,Green Line,2024-03-14 11:00:00,11,3,0,195,7,32.9,0.0,Clear,0,,900,0,27.9,0.883,high,5,Mid Morning
GR19,Shivaji Park,Green Line,2024-03-14 12:00:00,12,3,0,203,7,32.2,0.0,Clear,0,,667,0,29.0,0.918,high,5,Mid Morning
GR19,Shivaji Park,Green Line,2024-03-14 13:00:00,13,3,0,167,7,30.0,0.0,Clear,0,,565,0,23.9,0.756,high,5,Mid Morning
GR19,Shivaji Park,Green Line,2024-03-14 14:00:00,14,3,0,160,7,26.6,0.0,Clear,0,,530,0,22.9,0.725,high,4,Afternoon
GR19,Shivaji Park,Green Line,2024-03-14 15:00:00,15,3,0,174,7,24.4,0.0,Cloudy,0,,501,0,24.9,0.788,high,5,Afternoon
GR19,Shivaji Park,Green Line,2024-03-14 16:00:00,16,3,0,211,7,25.8,0.0,Clear,0,,545,0,30.1,0.953,high,5,Afternoon
GR19,Shivaji Park,Green Line,2024-03-14 17:00:00,17,3,0,333,13,22.7,0.0,Clear,0,,718,1,25.6,0.81,high,5,Evening Peak
GR19,Shivaji Park,Green Line,2024-03-14 18:00:00,18,3,0,428,13,24.0,0.0,Clear,0,,972,1,32.9,1.0,high,5,Evening Peak
GR19,Shivaji Park,Green Line,2024-03-14 19:00:00,19,3,0,342,13,22.8,0.0,Clear,0,,1103,1,26.3,0.832,high,5,Evening Peak
GR19,Shivaji Park,Green Line,2024-03-14 20:00:00,20,3,0,282,13,21.9,0.0,Clear,0,,1052,1,21.7,0.687,high,4,Evening Peak
GR19,Shivaji Park,Green Line,2024-03-14 21:00:00,21,3,0,122,5,21.5,0.0,Clear,0,,746,0,24.4,0.772,high,5,Night
GR19,Shivaji Park,Green Line,2024-03-14 22:00:00,22,3,0,48,5,22.2,0.0,Clear,0,,452,0,9.6,0.304,low,2,Night
GR19,Shivaji Park,Green Line,2024-03-14 23:00:00,23,3,0,15,0,22.2,0.0,Clear,0,,185,0,0.0,0.0,low,1,Night
GR19,Shivaji Park,Green Line,2024-03-15 00:00:00,0,4,0,0,0,24.5,0.0,Clear,0,,63,0,0.0,0.0,low,1,Night
GR19,Shivaji Park,Green Line,2024-03-15 01:00:00,1,4,0,0,0,25.2,0.0,Clear,0,,15,0,0.0,0.0,low,1,Night
GR19,Shivaji Park,Green Line,2024-03-15 02:00:00,2,4,0,0,0,26.7,0.0,Cloudy,0,,0,0,0.0,0.0,low,1,Night
GR19,Shivaji Park,Green Line,2024-03-15 03:00:00,3,4,0,0,0,26.9,0.0,Clear,0,,0,0,0.0,0.0,low,1,Night
GR19,Shivaji Park,Green Line,2024-03-15 04:00:00,4,4,0,0,0,26.8,0.0,Clear,0,,0,0,0.0,0.0,low,1,Night
GR19,Shivaji Park,Green Line,2024-03-15 05:00:00,5,4,0,0,0,25.9,0.0,Clear,0,,0,0,0.0,0.0,low,1,Night
GR19,Shivaji Park,Green Line,2024-03-15 06:00:00,6,4,0,33,4,27.4,0.0,Clear,0,,33,0,8.2,0.259,low,2,Night
GR19,Shivaji Park,Green Line,2024-03-15 07:00:00,7,4,0,121,6,28.6,0.0,Clear,0,,154,0,20.2,0.639,medium,4,Night
GR19,Shivaji Park,Green Line,2024-03-15 08:00:00,8,4,0,373,14,30.6,0.0,Clear,0,,527,1,26.6,0.842,high,5,Morning Peak
GR19,Shivaji Park,Green Line,2024-03-15 09:00:00,9,4,0,407,14,33.4,0.0,Clear,0,,901,1,29.1,0.921,high,5,Morning Peak
GR19,Shivaji Park,Green Line,2024-03-15 10:00:00,10,4,0,286,14,34.4,0.0,Cloudy,0,,1066,1,20.4,0.646,medium,4,Morning Peak
GR19,Shivaji Park,Green Line,2024-03-15 11:00:00,11,4,0,196,7,33.1,0.0,Clear,0,,889,0,28.0,0.886,high,5,Mid Morning
GR19,Shivaji Park,Green Line,2024-03-15 12:00:00,12,4,0,203,7,33.2,0.0,Clear,0,,685,0,29.0,0.918,high,5,Mid Morning
GR19,Shivaji Park,Green Line,2024-03-15 13:00:00,13,4,0,180,7,29.9,0.0,Clear,0,,579,0,25.7,0.813,high,5,Mid Morning
GR19,Shivaji Park,Green Line,2024-03-15 14:00:00,14,4,0,165,7,29.4,0.0,Clear,0,,548,0,23.6,0.747,high,4,Afternoon
GR19,Shivaji Park,Green Line,2024-03-15 15:00:00,15,4,0,184,7,26.7,0.0,Clear,0,,529,0,26.3,0.832,high,5,Afternoon
GR19,Shivaji Park,Green Line,2024-03-15 16:00:00,16,4,0,220,7,24.8,0.0,Clear,0,,569,0,31.4,0.994,high,5,Afternoon
GR19,Shivaji Park,Green Line,2024-03-15 17:00:00,17,4,0,343,13,22.5,0.0,Cloudy,0,,747,1,26.4,0.835,high,5,Evening Peak
GR19,Shivaji Park,Green Line,2024-03-15 18:00:00,18,4,0,375,13,24.8,0.0,Clear,0,,938,1,28.8,0.911,high,5,Evening Peak
GR19,Shivaji Park,Green Line,2024-03-15 19:00:00,19,4,0,348,13,23.1,0.0,Clear,0,,1066,1,26.8,0.848,high,5,Evening Peak
GR19,Shivaji Park,Green Line,2024-03-15 20:00:00,20,4,0,271,13,22.0,0.0,Clear,0,,994,1,20.8,0.658,high,4,Evening Peak
GR19,Shivaji Park,Green Line,2024-03-15 21:00:00,21,4,0,121,5,21.7,0.0,Clear,0,,740,0,24.2,0.766,high,5,Night
GR19,Shivaji Park,Green Line,2024-03-15 22:00:00,22,4,0,49,5,21.5,0.0,Clear,0,,441,0,9.8,0.31,low,2,Night
GR19,Shivaji Park,Green Line,2024-03-15 23:00:00,23,4,0,16,0,20.4,0.0,Clear,0,,186,0,0.0,0.0,low,1,Night
GR19,Shivaji Park,Green Line,2024-03-16 00:00:00,0,5,1,0,0,23.2,0.0,Clear,0,,65,0,0.0,0.0,low,1,Night
GR19,Shivaji Park,Green Line,2024-03-16 01:00:00,1,5,1,0,0,26.1,0.0,Clear,0,,16,0,0.0,0.0,low,1,Night
GR19,Shivaji Park,Green Line,2024-03-16 02:00:00,2,5,1,0,0,27.0,0.0,Clear,0,,0,0,0.0,0.0,low,1,Night
GR19,Shivaji Park,Green Line,2024-03-16 03:00:00,3,5,1,0,0,26.7,0.0,Clear,0,,0,0,0.0,0.0,low,1,Night
GR19,Shivaji Park,Green Line,2024-03-16 04:00:00,4,5,1,0,0,28.7,0.0,Clear,0,,0,0,0.0,0.0,low,1,Night
GR19,Shivaji Park,Green Line,2024-03-16 05:00:00,5,5,1,0,0,23.7,0.0,Clear,0,,0,0,0.0,0.0,low,1,Night
GR19,Shivaji Park,Green Line,2024-03-16 06:00:00,6,5,1,22,4,27.3,0.0,Clear,0,,22,0,5.5,0.174,low,2,Night
GR19,Shivaji Park,Green Line,2024-03-16 07:00:00,7,5,1,81,6,30.6,0.0,Clear,0,,103,0,13.5,0.427,medium,3,Night
GR19,Shivaji Park,Green Line,2024-03-16 08:00:00,8,5,1,258,14,33.0,0.0,Clear,0,,361,1,18.4,0.582,medium,4,Morning Peak
GR19,Shivaji Park,Green Line,2024-03-16 09:00:00,9,5,1,317,14,33.8,0.0,Clear,0,,656,1,22.6,0.715,high,4,Morning Peak
GR19,Shivaji Park,Green Line,2024-03-16 10:00:00,10,5,1,208,14,34.1,0.0,Clear,0,,783,1,14.9,0.472,medium,3,Morning Peak
GR19,Shivaji Park,Green Line,2024-03-16 11:00:00,11,5,1,151,7,35.3,0.0,Clear,0,,676,0,21.6,0.684,high,4,Mid Morning
GR19,Shivaji Park,Green Line,2024-03-16 12:00:00,12,5,1,140,7,32.8,0.0,Clear,0,,499,0,20.0,0.633,medium,4,Mid Morning
GR19,Shivaji Park,Green Line,2024-03-16 13:00:00,13,5,1,136,7,31.8,0.0,Clear,0,,427,0,19.4,0.614,medium,4,Mid Morning
GR19,Shivaji Park,Green Line,2024-03-16 14:00:00,14,5,1,128,7,28.5,0.0,Clear,0,,404,0,18.3,0.579,medium,4,Afternoon
GR19,Shivaji Park,Green Line,2024-03-16 15:00:00,15,5,1,140,7,26.0,0.0,Clear,0,,404,0,20.0,0.633,medium,4,Afternoon
GR19,Shivaji Park,Green Line,2024-03-16 16:00:00,16,5,1,170,7,24.1,0.0,Clear,0,,438,0,24.3,0.769,high,5,Afternoon
GR19,Shivaji Park,Green Line,2024-03-16 17:00:00,17,5,1,239,13,23.9,0.0,Clear,0,,549,1,18.4,0.582,medium,4,Evening Peak
GR19,Shivaji Park,Green Line,2024-03-16 18:00:00,18,5,1,301,13,23.7,0.0,Clear,0,,710,1,23.2,0.734,high,4,Evening Peak
GR19,Shivaji Park,Green Line,2024-03-16 19:00:00,19,5,1,259,13,22.9,0.0,Clear,0,,799,1,19.9,0.63,medium,4,Evening Peak
GR19,Shivaji Park,Green Line,2024-03-16 20:00:00,20,5,1,198,13,23.1,0.0,Clear,0,,758,1,15.2,0.481,medium,3,Evening Peak
GR19,Shivaji Park,Green Line,2024-03-16 21:00:00,21,5,1,80,5,22.8,0.0,Clear,0,,537,0,16.0,0.506,medium,3,Night
GR19,Shivaji Park,Green Line,2024-03-16 22:00:00,22,5,1,39,5,23.1,0.0,Clear,0,,317,0,7.8,0.247,low,2,Night
GR19,Shivaji Park,Green Line,2024-03-16 23:00:00,23,5,1,12,0,22.7,0.0,Clear,0,,131,0,0.0,0.0,low,1,Night
GR19,Shivaji Park,Green Line,2024-03-17 00:00:00,0,6,1,0,0,24.6,0.0,Clear,0,,51,0,0.0,0.0,low,1,Night
GR19,Shivaji Park,Green Line,2024-03-17 01:00:00,1,6,1,0,0,24.8,0.0,Clear,0,,12,0,0.0,0.0,low,1,Night
GR19,Shivaji Park,Green Line,2024-03-17 02:00:00,2,6,1,0,0,26.9,0.0,Cloudy,0,,0,0,0.0,0.0,low,1,Night
GR19,Shivaji Park,Green Line,2024-03-17 03:00:00,3,6,1,0,0,26.8,0.0,Clear,0,,0,0,0.0,0.0,low,1,Night
GR19,Shivaji Park,Green Line,2024-03-17 04:00:00,4,6,1,0,0,26.2,0.0,Clear,0,,0,0,0.0,0.0,low,1,Night
GR19,Shivaji Park,Green Line,2024-03-17 05:00:00,5,6,1,0,0,25.2,0.0,Clear,0,,0,0,0.0,0.0,low,1,Night
GR19,Shivaji Park,Green Line,2024-03-17 06:00:00,6,6,1,23,4,27.7,0.0,Clear,0,,23,0,5.8,0.184,low,2,Night
GR19,Shivaji Park,Green Line,2024-03-17 07:00:00,7,6,1,80,6,31.1,0.0,Clear,0,,103,0,13.3,0.421,medium,3,Night
GR19,Shivaji Park,Green Line,2024-03-17 08:00:00,8,6,1,269,14,32.7,0.0,Clear,0,,372,1,19.2,0.608,medium,4,Morning Peak
GR19,Shivaji Park,Green Line,2024-03-17 09:00:00,9,6,1,290,14,35.1,0.0,Clear,0,,639,1,20.7,0.655,high,4,Morning Peak
GR19,Shivaji Park,Green Line,2024-03-17 10:00:00,10,6,1,214,14,36.5,0.0,Clear,0,,773,1,15.3,0.484,medium,3,Morning Peak
GR19,Shivaji Park,Green Line,2024-03-17 11:00:00,11,6,1,141,7,34.8,0.0,Clear,0,,645,0,20.1,0.636,medium,4,Mid Morning
GR19,Shivaji Park,Green Line,2024-03-17 12:00:00,12,6,1,133,7,33.5,0.1,Light Rain,0,,488,0,19.0,0.601,medium,4,Mid Morning
GR19,Shivaji Park,Green Line,2024-03-17 13:00:00,13,6,1,120,7,30.0,0.5,Light Rain,0,,394,0,17.1,0.541,medium,3,Mid Morning
GR19,Shivaji Park,Green Line,2024-03-17 14:00:00,14,6,1,109,7,28.6,0.6,Light Rain,0,,362,0,15.6,0.494,medium,3,Afternoon
GR19,Shivaji Park,Green Line,2024-03-17 15:00:00,15,6,1,122,7,25.4,0.2,Light Rain,0,,351,0,17.4,0.551,medium,4,Afternoon
GR19,Shivaji Park,Green Line,2024-03-17 16:00:00,16,6,1,162,7,25.0,0.6,Light Rain,0,,393,0,23.1,0.731,high,4,Afternoon
GR19,Shivaji Park,Green Line,2024-03-17 17:00:00,17,6,1,217,13,24.0,0.1,Light Rain,0,,501,1,16.7,0.528,medium,3,Evening Peak
GR19,Shivaji Park,Green Line,2024-03-17 18:00:00,18,6,1,252,13,23.8,0.2,Light Rain,0,,631,1,19.4,0.614,medium,4,Evening Peak
GR19,Shivaji Park,Green Line,2024-03-17 19:00:00,19,6,1,245,13,21.9,0.7,Light Rain,0,,714,1,18.8,0.595,medium,4,Evening Peak
GR19,Shivaji Park,Green Line,2024-03-17 20:00:00,20,6,1,191,13,22.1,0.5,Light Rain,0,,688,1,14.7,0.465,medium,3,Evening Peak
GR19,Shivaji Park,Green Line,2024-03-17 21:00:00,21,6,1,87,5,22.5,0.0,Clear,0,,523,0,17.4,0.551,medium,4,Night
GR19,Shivaji Park,Green Line,2024-03-17 22:00:00,22,6,1,35,5,22.0,0.0,Clear,0,,313,0,7.0,0.222,low,2,Night
GR19,Shivaji Park,Green Line,2024-03-17 23:00:00,23,6,1,11,0,22.0,0.0,Clear,0,,133,0,0.0,0.0,low,1,Night
GR19,Shivaji Park,Green Line,2024-03-18 00:00:00,0,0,0,0,0,25.7,0.0,Clear,0,,46,0,0.0,0.0,low,1,Night
GR19,Shivaji Park,Green Line,2024-03-18 01:00:00,1,0,0,0,0,25.2,0.0,Clear,0,,11,0,0.0,0.0,low,1,Night
GR19,Shivaji Park,Green Line,2024-03-18 02:00:00,2,0,0,0,0,26.5,0.0,Clear,0,,0,0,0.0,0.0,low,1,Night
GR19,Shivaji Park,Green Line,2024-03-18 03:00:00,3,0,0,0,0,25.8,0.0,Cloudy,0,,0,0,0.0,0.0,low,1,Night
GR19,Shivaji Park,Green Line,2024-03-18 04:00:00,4,0,0,0,0,28.1,0.0,Clear,0,,0,0,0.0,0.0,low,1,Night
GR19,Shivaji Park,Green Line,2024-03-18 05:00:00,5,0,0,0,0,25.9,0.0,Clear,0,,0,0,0.0,0.0,low,1,Night
GR19,Shivaji Park,Green Line,2024-03-18 06:00:00,6,0,0,30,4,30.3,0.0,Clear,0,,30,0,7.5,0.237,low,2,Night
GR19,Shivaji Park,Green Line,2024-03-18 07:00:00,7,0,0,128,6,30.5,0.0,Clear,0,,158,0,21.3,0.674,high,4,Night
GR19,Shivaji Park,Green Line,2024-03-18 08:00:00,8,0,0,340,14,31.9,0.0,Clear,0,,498,1,24.3,0.769,high,5,Morning Peak
GR19,Shivaji Park,Green Line,2024-03-18 09:00:00,9,0,0,428,14,33.6,0.0,Cloudy,0,,896,1,30.6,0.968,high,5,Morning Peak
GR19,Shivaji Park,Green Line,2024-03-18 10:00:00,10,0,0,278,14,36.5,0.0,Cloudy,0,,1046,1,19.9,0.63,medium,4,Morning Peak
GR19,Shivaji Park,Green Line,2024-03-18 11:00:00,11,0,0,196,7,35.2,0.0,Clear,0,,902,0,28.0,0.886,high,5,Mid Morning
GR19,Shivaji Park,Green Line,2024-03-18 12:00:00,12,0,0,209,7,32.2,0.0,Clear,0,,683,0,29.9,0.946,high,5,Mid Morning
GR19,Shivaji Park,Green Line,2024-03-18 13:00:00,13,0,0,190,7,32.4,0.0,Clear,0,,595,0,27.1,0.858,high,5,Mid Morning
GR19,Shivaji Park,Green Line,2024-03-18 14:00:00,14,0,0,158,7,28.2,0.0,Clear,0,,557,0,22.6,0.715,high,4,Afternoon
GR19,Shivaji Park,Green Line,2024-03-18 15:00:00,15,0,0,196,7,26.2,0.0,Clear,0,,544,0,28.0,0.886,high,5,Afternoon
GR19,Shivaji Park,Green Line,2024-03-18 16:00:00,16,0,0,221,7,24.3,0.0,Clear,0,,575,0,31.6,1.0,high,5,Afternoon
GR19,Shivaji Park,Green Line,2024-03-18 17:00:00,17,0,0,338,13,23.6,0.0,Clear,0,,755,1,26.0,0.823,high,5,Evening Peak
GR19,Shivaji Park,Green Line,2024-03-18 18:00:00,18,0,0,409,13,25.1,0.0,Clear,0,,968,1,31.5,0.997,high,5,Evening Peak
GR19,Shivaji Park,Green Line,2024-03-18 19:00:00,19,0,0,360,13,25.1,0.0,Clear,0,,1107,1,27.7,0.877,high,5,Evening Peak
GR19,Shivaji Park,Green Line,2024-03-18 20:00:00,20,0,0,287,13,22.3,0.0,Clear,0,,1056,1,22.1,0.699,high,4,Evening Peak
GR19,Shivaji Park,Green Line,2024-03-18 21:00:00,21,0,0,112,5,21.9,0.0,Clear,0,,759,0,22.4,0.709,high,4,Night
GR19,Shivaji Park,Green Line,2024-03-18 22:00:00,22,0,0,49,5,23.2,0.0,Clear,0,,448,0,9.8,0.31,low,2,Night
GR19,Shivaji Park,Green Line,2024-03-18 23:00:00,23,0,0,15,0,23.4,0.0,Clear,0,,176,0,0.0,0.0,low,1,Night
GR19,Shivaji Park,Green Line,2024-03-19 00:00:00,0,1,0,0,0,26.4,0.0,Clear,0,,64,0,0.0,0.0,low,1,Night
GR19,Shivaji Park,Green Line,2024-03-19 01:00:00,1,1,0,0,0,26.5,0.0,Clear,0,,15,0,0.0,0.0,low,1,Night
GR19,Shivaji Park,Green Line,2024-03-19 02:00:00,2,1,0,0,0,27.2,0.0,Clear,0,,0,0,0.0,0.0,low,1,Night
GR19,Shivaji Park,Green Line,2024-03-19 03:00:00,3,1,0,0,0,28.8,0.0,Clear,0,,0,0,0.0,0.0,low,1,Night
GR19,Shivaji Park,Green Line,2024-03-19 04:00:00,4,1,0,0,0,27.4,0.0,Cloudy,0,,0,0,0.0,0.0,low,1,Night
GR19,Shivaji Park,Green Line,2024-03-19 05:00:00,5,1,0,0,0,26.2,0.0,Clear,0,,0,0,0.0,0.0,low,1,Night
GR19,Shivaji Park,Green Line,2024-03-19 06:00:00,6,1,0,34,4,28.5,0.0,Cloudy,0,,34,0,8.5,0.269,low,2,Night
GR19,Shivaji Park,Green Line,2024-03-19 07:00:00,7,1,0,113,6,31.4,0.0,Clear,0,,147,0,18.8,0.595,medium,4,Night
GR19,Shivaji Park,Green Line,2024-03-19 08:00:00,8,1,0,344,14,33.5,0.0,Cloudy,0,,491,1,24.6,0.778,high,5,Morning Peak
GR19,Shivaji Park,Green Line,2024-03-19 09:00:00,9,1,0,418,14,34.5,0.0,Cloudy,0,,875,1,29.9,0.946,high,5,Morning Peak
GR19,Shivaji Park,Green Line,2024-03-19 10:00:00,10,1,0,279,14,35.9,0.0,Clear,0,,1041,1,19.9,0.63,medium,4,Morning Peak
GR19,Shivaji Park,Green Line,2024-03-19 11:00:00,11,1,0,204,7,34.6,0.0,Clear,0,,901,0,29.1,0.921,high,5,Mid Morning
GR19,Shivaji Park,Green Line,2024-03-19 12:00:00,12,1,0,192,7,32.7,0.0,Clear,0,,675,0,27.4,0.867,high,5,Mid Morning
GR19,Shivaji Park,Green Line,2024-03-19 13:00:00,13,1,0,173,7,31.6,0.0,Clear,0,,569,0,24.7,0.782,high,5,Mid Morning
GR19,Shivaji Park,Green Line,2024-03-19 14:00:00,14,1,0,164,7,30.4,0.0,Clear,0,,529,0,23.4,0.741,high,4,Afternoon
GR19,Shivaji Park,Green Line,2024-03-19 15:00:00,15,1,0,170,7,25.9,0.0,Cloudy,0,,507,0,24.3,0.769,high,5,Afternoon
GR19,Shivaji Park,Green Line,2024-03-19 16:00:00,16,1,0,235,7,25.6,0.0,Clear,0,,569,0,33.6,1.0,high,5,Afternoon
GR19,Shivaji Park,Green Line,2024-03-19 17:00:00,17,1,0,326,13,24.1,0.0,Clear,0,,731,1,25.1,0.794,high,5,Evening Peak
GR19,Shivaji Park,Green Line,2024-03-19 18:00:00,18,1,0,421,13,23.4,0.0,Clear,0,,982,1,32.4,1.0,high,5,Evening Peak
GR19,Shivaji Park,Green Line,2024-03-19 19:00:00,19,1,0,368,13,24.8,0.0,Cloudy,0,,1115,1,28.3,0.896,high,5,Evening Peak
GR19,Shivaji Park,Green Line,2024-03-19 20:00:00,20,1,0,292,13,23.5,0.0,Clear,0,,1081,1,22.5,0.712,high,4,Evening Peak
GR19,Shivaji Park,Green Line,2024-03-19 21:00:00,21,1,0,112,5,22.5,0.0,Clear,0,,772,0,22.4,0.709,high,4,Night
GR19,Shivaji Park,Green Line,2024-03-19 22:00:00,22,1,0,55,5,20.2,0.0,Clear,0,,459,0,11.0,0.348,low,2,Night
GR19,Shivaji Park,Green Line,2024-03-19 23:00:00,23,1,0,15,0,23.0,0.0,Clear,0,,182,0,0.0,0.0,low,1,Night
GR19,Shivaji Park,Green Line,2024-03-20 00:00:00,0,2,0,0,0,24.5,0.0,Clear,0,,70,0,0.0,0.0,low,1,Night
GR19,Shivaji Park,Green Line,2024-03-20 01:00:00,1,2,0,0,0,26.4,0.0,Clear,0,,15,0,0.0,0.0,low,1,Night
GR19,Shivaji Park,Green Line,2024-03-20 02:00:00,2,2,0,0,0,28.4,0.0,Clear,0,,0,0,0.0,0.0,low,1,Night
GR19,Shivaji Park,Green Line,2024-03-20 03:00:00,3,2,0,0,0,28.2,0.0,Clear,0,,0,0,0.0,0.0,low,1,Night
GR19,Shivaji Park,Green Line,2024-03-20 04:00:00,4,2,0,0,0,29.5,0.0,Clear,0,,0,0,0.0,0.0,low,1,Night
GR19,Shivaji Park,Green Line,2024-03-20 05:00:00,5,2,0,0,0,26.1,0.0,Clear,0,,0,0,0.0,0.0,low,1,Night
GR19,Shivaji Park,Green Line,2024-03-20 06:00:00,6,2,0,31,4,29.2,0.0,Clear,0,,31,0,7.8,0.247,low,2,Night
GR19,Shivaji Park,Green Line,2024-03-20 07:00:00,7,2,0,121,6,32.7,0.0,Clear,0,,152,0,20.2,0.639,medium,4,Night
GR19,Shivaji Park,Green Line,2024-03-20 08:00:00,8,2,0,352,14,34.3,0.0,Clear,0,,504,1,25.1,0.794,high,5,Morning Peak
GR19,Shivaji Park,Green Line,2024-03-20 09:00:00,9,2,0,443,14,34.7,0.0,Cloudy,0,,916,1,31.6,1.0,high,5,Morning Peak
GR19,Shivaji Park,Green Line,2024-03-20 10:00:00,10,2,0,295,14,35.1,0.0,Clear,0,,1090,1,21.1,0.668,high,4,Morning Peak
GR19,Shivaji Park,Green Line,2024-03-20 11:00:00,11,2,0,214,7,34.4,0.0,Clear,0,,952,0,30.6,0.968,high,5,Mid Morning
GR19,Shivaji Park,Green Line,2024-03-20 12:00:00,12,2,0,191,7,32.8,0.0,Clear,0,,700,0,27.3,0.864,high,5,Mid Morning
GR19,Shivaji Park,Green Line,2024-03-20 13:00:00,13,2,0,188,7,31.3,0.0,Clear,0,,593,0,26.9,0.851,high,5,Mid Morning
GR19,Shivaji Park,Green Line,2024-03-20 14:00:00,14,2,0,174,7,27.6,0.0,Clear,0,,553,0,24.9,0.788,high,5,Afternoon
GR19,Shivaji Park,Green Line,2024-03-20 15:00:00,15,2,0,174,7,25.5,0.0,Clear,0,,536,0,24.9,0.788,high,5,Afternoon
GR19,Shivaji Park,Green Line,2024-03-20 16:00:00,16,2,0,234,7,24.0,0.0,Clear,0,,582,0,33.4,1.0,high,5,Afternoon
GR19,Shivaji Park,Green Line,2024-03-20 17:00:00,17,2,0,321,13,26.4,0.0,Clear,0,,729,1,24.7,0.782,high,5,Evening Peak
GR19,Shivaji Park,Green Line,2024-03-20 18:00:00,18,2,0,405,13,22.8,0.0,Clear,0,,960,1,31.2,0.987,high,5,Evening Peak
GR19,Shivaji Park,Green Line,2024-03-20 19:00:00,19,2,0,342,13,24.2,0.0,Cloudy,0,,1068,1,26.3,0.832,high,5,Evening Peak
GR19,Shivaji Park,Green Line,2024-03-20 20:00:00,20,2,0,251,13,23.5,0.0,Clear,0,,998,1,19.3,0.611,medium,4,Evening Peak
GR19,Shivaji Park,Green Line,2024-03-20 21:00:00,21,2,0,123,5,24.7,0.0,Clear,0,,716,0,24.6,0.778,high,5,Night
GR19,Shivaji Park,Green Line,2024-03-20 22:00:00,22,2,0,52,5,23.9,0.0,Clear,0,,426,0,10.4,0.329,low,2,Night
GR19,Shivaji Park,Green Line,2024-03-20 23:00:00,23,2,0,16,0,22.9,0.0,Clear,0,,191,0,0.0,0.0,low,1,Night
GR19,Shivaji Park,Green Line,2024-03-21 00:00:00,0,3,0,0,0,27.4,0.0,Clear,0,,68,0,0.0,0.0,low,1,Night
GR19,Shivaji Park,Green Line,2024-03-21 01:00:00,1,3,0,0,0,25.6,0.0,Clear,0,,16,0,0.0,0.0,low,1,Night
GR19,Shivaji Park,Green Line,2024-03-21 02:00:00,2,3,0,0,0,27.0,0.0,Clear,0,,0,0,0.0,0.0,low,1,Night
GR19,Shivaji Park,Green Line,2024-03-21 03:00:00,3,3,0,0,0,27.4,0.0,Clear,0,,0,0,0.0,0.0,low,1,Night
GR19,Shivaji Park,Green Line,2024-03-21 04:00:00,4,3,0,0,0,28.6,0.0,Cloudy,0,,0,0,0.0,0.0,low,1,Night
GR19,Shivaji Park,Green Line,2024-03-21 05:00:00,5,3,0,0,0,25.0,0.0,Clear,0,,0,0,0.0,0.0,low,1,Night
GR19,Shivaji Park,Green Line,2024-03-21 06:00:00,6,3,0,32,4,29.0,0.0,Clear,0,,32,0,8.0,0.253,low,2,Night
GR19,Shivaji Park,Green Line,2024-03-21 07:00:00,7,3,0,127,6,32.4,0.0,Clear,0,,159,0,21.2,0.671,high,4,Night
GR19,Shivaji Park,Green Line,2024-03-21 08:00:00,8,3,0,370,14,35.4,0.0,Clear,0,,529,1,26.4,0.835,high,5,Morning Peak
GR19,Shivaji Park,Green Line,2024-03-21 09:00:00,9,3,0,459,14,35.1,0.0,Clear,0,,956,1,32.8,1.0,high,5,Morning Peak
GR19,Shivaji Park,Green Line,2024-03-21 10:00:00,10,3,0,296,14,35.2,0.0,Clear,0,,1125,1,21.1,0.668,high,4,Morning Peak
GR19,Shivaji Park,Green Line,2024-03-21 11:00:00,11,3,0,196,7,36.8,0.0,Clear,0,,951,0,28.0,0.886,high,5,Mid Morning
GR19,Shivaji Park,Green Line,2024-03-21 12:00:00,12,3,0,214,7,33.8,0.0,Clear,0,,706,0,30.6,0.968,high,5,Mid Morning
GR19,Shivaji Park,Green Line,2024-03-21 13:00:00,13,3,0,183,7,31.4,0.0,Clear,0,,593,0,26.1,0.826,high,5,Mid Morning
GR19,Shivaji Park,Green Line,2024-03-21 14:00:00,14,3,0,164,7,29.2,0.0,Clear,0,,561,0,23.4,0.741,high,4,Afternoon
GR19,Shivaji Park,Green Line,2024-03-21 15:00:00,15,3,0,170,7,26.0,0.0,Clear,0,,517,0,24.3,0.769,high,5,Afternoon
GR19,Shivaji Park,Green Line,2024-03-21 16:00:00,16,3,0,224,7,24.7,0.0,Clear,0,,558,0,32.0,1.0,high,5,Afternoon
GR19,Shivaji Park,Green Line,2024-03-21 17:00:00,17,3,0,334,13,25.5,0.0,Clear,0,,728,1,25.7,0.813,high,5,Evening Peak
GR19,Shivaji Park,Green Line,2024-03-21 18:00:00,18,3,0,405,13,23.7,0.0,Clear,0,,963,1,31.2,0.987,high,5,Evening Peak
GR19,Shivaji Park,Green Line,2024-03-21 19:00:00,19,3,0,347,13,24.8,0.0,Clear,0,,1086,1,26.7,0.845,high,5,Evening Peak
GR19,Shivaji Park,Green Line,2024-03-21 20:00:00,20,3,0,266,13,23.2,0.0,Clear,0,,1018,1,20.5,0.649,medium,4,Evening Peak
GR19,Shivaji Park,Green Line,2024-03-21 21:00:00,21,3,0,129,5,23.9,0.0,Clear,0,,742,0,25.8,0.816,high,5,Night
GR19,Shivaji Park,Green Line,2024-03-21 22:00:00,22,3,0,54,5,23.7,0.0,Clear,0,,449,0,10.8,0.342,low,2,Night
GR19,Shivaji Park,Green Line,2024-03-21 23:00:00,23,3,0,17,0,23.8,0.0,Clear,0,,200,0,0.0,0.0,low,1,Night
GR19,Shivaji Park,Green Line,2024-03-22 00:00:00,0,4,0,0,0,27.1,0.0,Clear,0,,71,0,0.0,0.0,low,1,Night
GR19,Shivaji Park,Green Line,2024-03-22 01:00:00,1,4,0,0,0,26.4,0.0,Clear,0,,17,0,0.0,0.0,low,1,Night
GR19,Shivaji Park,Green Line,2024-03-22 02:00:00,2,4,0,0,0,27.9,0.0,Clear,0,,0,0,0.0,0.0,low,1,Night
GR19,Shivaji Park,Green Line,2024-03-22 03:00:00,3,4,0,0,0,28.2,0.0,Clear,0,,0,0,0.0,0.0,low,1,Night
GR19,Shivaji Park,Green Line,2024-03-22 04:00:00,4,4,0,0,0,29.8,0.0,Clear,0,,0,0,0.0,0.0,low,1,Night
GR19,Shivaji Park,Green Line,2024-03-22 05:00:00,5,4,0,0,0,26.3,0.0,Clear,0,,0,0,0.0,0.0,low,1,Night
GR19,Shivaji Park,Green Line,2024-03-22 06:00:00,6,4,0,30,4,30.3,0.0,Clear,0,,30,0,7.5,0.237,low,2,Night
GR19,Shivaji Park,Green Line,2024-03-22 07:00:00,7,4,0,119,6,31.5,0.0,Clear,0,,149,0,19.8,0.627,medium,4,Night
GR19,Shivaji Park,Green Line,2024-03-22 08:00:00,8,4,0,375,14,35.1,0.0,Cloudy,0,,524,1,26.8,0.848,high,5,Morning Peak
GR19,Shivaji Park,Green Line,2024-03-22 09:00:00,9,4,0,428,14,34.2,0.0,Clear,0,,922,1,30.6,0.968,high,5,Morning Peak
GR19,Shivaji Park,Green Line,2024-03-22 10:00:00,10,4,0,279,14,35.4,0.0,Clear,0,,1082,1,19.9,0.63,medium,4,Morning Peak
GR19,Shivaji Park,Green Line,2024-03-22 11:00:00,11,4,0,187,7,36.0,0.0,Clear,0,,894,0,26.7,0.845,high,5,Mid Morning
GR19,Shivaji Park,Green Line,2024-03-22 12:00:00,12,4,0,201,7,34.0,0.3,Light Rain,0,,667,0,28.7,0.908,high,5,Mid Morning
GR19,Shivaji Park,Green Line,2024-03-22 13:00:00,13,4,0,172,7,32.1,1.1,Light Rain,0,,560,0,24.6,0.778,high,5,Mid Morning
GR19,Shivaji Park,Green Line,2024-03-22 14:00:00,14,4,0,156,7,28.1,1.1,Light Rain,0,,529,0,22.3,0.706,high,4,Afternoon
GR19,Shivaji Park,Green Line,2024-03-22 15:00:00,15,4,0,184,7,28.4,0.6,Light Rain,0,,512,0,26.3,0.832,high,5,Afternoon
GR19,Shivaji Park,Green Line,2024-03-22 16:00:00,16,4,0,204,7,26.9,1.3,Light Rain,0,,544,0,29.1,0.921,high,5,Afternoon
GR19,Shivaji Park,Green Line,2024-03-22 17:00:00,17,4,0,310,13,25.8,0.8,Light Rain,0,,698,1,23.8,0.753,high,5,Evening Peak
GR19,Shivaji Park,Green Line,2024-03-22 18:00:00,18,4,0,354,13,24.9,0.5,Light Rain,0,,868,1,27.2,0.861,high,5,Evening Peak
GR19,Shivaji Park,Green Line,2024-03-22 19:00:00,19,4,0,366,13,24.6,0.7,Light Rain,0,,1030,1,28.2,0.892,high,5,Evening Peak
GR19,Shivaji Park,Green Line,2024-03-22 20:00:00,20,4,0,245,13,23.6,0.6,Light Rain,0,,965,1,18.8,0.595,medium,4,Evening Peak
GR19,Shivaji Park,Green Line,2024-03-22 21:00:00,21,4,0,115,5,22.3,0.0,Clear,0,,726,0,23.0,0.728,high,4,Night
GR19,Shivaji Park,Green Line,2024-03-22 22:00:00,22,4,0,49,5,24.7,0.0,Clear,0,,409,0,9.8,0.31,low,2,Night
GR19,Shivaji Park,Green Line,2024-03-22 23:00:00,23,4,0,17,0,24.0,0.0,Clear,0,,181,0,0.0,0.0,low,1,Night
GR19,Shivaji Park,Green Line,2024-03-23 00:00:00,0,5,1,0,0,26.1,0.0,Clear,0,,66,0,0.0,0.0,low,1,Night
GR19,Shivaji Park,Green Line,2024-03-23 01:00:00,1,5,1,0,0,28.0,0.0,Clear,0,,17,0,0.0,0.0,low,1,Night
GR19,Shivaji Park,Green Line,2024-03-23 02:00:00,2,5,1,0,0,26.9,0.0,Clear,0,,0,0,0.0,0.0,low,1,Night
GR19,Shivaji Park,Green Line,2024-03-23 03:00:00,3,5,1,0,0,28.6,0.0,Clear,0,,0,0,0.0,0.0,low,1,Night
GR19,Shivaji Park,Green Line,2024-03-23 04:00:00,4,5,1,0,0,28.7,0.0,Clear,0,,0,0,0.0,0.0,low,1,Night
GR19,Shivaji Park,Green Line,2024-03-23 05:00:00,5,5,1,0,0,29.7,0.0,Clear,0,,0,0,0.0,0.0,low,1,Night
GR19,Shivaji Park,Green Line,2024-03-23 06:00:00,6,5,1,21,4,31.2,0.0,Clear,0,,21,0,5.2,0.165,low,2,Night
GR19,Shivaji Park,Green Line,2024-03-23 07:00:00,7,5,1,93,6,34.7,0.0,Clear,0,,114,0,15.5,0.491,medium,3,Night
GR19,Shivaji Park,Green Line,2024-03-23 08:00:00,8,5,1,245,14,34.9,0.0,Cloudy,0,,359,1,17.5,0.554,medium,4,Morning Peak
GR19,Shivaji Park,Green Line,2024-03-23 09:00:00,9,5,1,328,14,36.4,0.0,Clear,0,,666,1,23.4,0.741,high,4,Morning Peak
GR19,Shivaji Park,Green Line,2024-03-23 10:00:00,10,5,1,203,14,37.2,0.0,Clear,0,,776,1,14.5,0.459,medium,3,Morning Peak
GR19,Shivaji Park,Green Line,2024-03-23 11:00:00,11,5,1,134,7,35.6,0.0,Clear,0,,665,0,19.1,0.604,medium,4,Mid Morning
GR19,Shivaji Park,Green Line,2024-03-23 12:00:00,12,5,1,146,7,32.9,0.3,Light Rain,0,,483,0,20.9,0.661,high,4,Mid Morning
GR19,Shivaji Park,Green Line,2024-03-23 13:00:00,13,5,1,116,7,31.7,0.2,Light Rain,0,,396,0,16.6,0.525,medium,3,Mid Morning
GR19,Shivaji Park,Green Line,2024-03-23 14:00:00,14,5,1,115,7,30.0,0.3,Light Rain,0,,377,0,16.4,0.519,medium,3,Afternoon
GR19,Shivaji Park,Green Line,2024-03-23 15:00:00,15,5,1,129,7,29.0,0.4,Light Rain,0,,360,0,18.4,0.582,medium,4,Afternoon
GR19,Shivaji Park,Green Line,2024-03-23 16:00:00,16,5,1,163,7,26.6,0.6,Light Rain,0,,407,0,23.3,0.737,high,4,Afternoon
GR19,Shivaji Park,Green Line,2024-03-23 17:00:00,17,5,1,239,13,26.0,0.5,Light Rain,0,,531,1,18.4,0.582,medium,4,Evening Peak
GR19,Shivaji Park,Green Line,2024-03-23 18:00:00,18,5,1,273,13,23.9,0.3,Light Rain,0,,675,1,21.0,0.665,high,4,Evening Peak
GR19,Shivaji Park,Green Line,2024-03-23 19:00:00,19,5,1,231,13,25.2,0.3,Light Rain,0,,743,1,17.8,0.563,medium,4,Evening Peak
GR19,Shivaji Park,Green Line,2024-03-23 20:00:00,20,5,1,176,13,23.3,0.2,Light Rain,0,,680,1,13.5,0.427,medium,3,Evening Peak
GR19,Shivaji Park,Green Line,2024-03-23 21:00:00,21,5,1,84,5,25.8,0.0,Clear,0,,491,0,16.8,0.532,medium,3,Night
GR19,Shivaji Park,Green Line,2024-03-23 22:00:00,22,5,1,34,5,25.0,0.0,Clear,0,,294,0,6.8,0.215,low,2,Night
GR19,Shivaji Park,Green Line,2024-03-23 23:00:00,23,5,1,12,0,24.4,0.0,Clear,0,,130,0,0.0,0.0,low,1,Night
GR19,Shivaji Park,Green Line,2024-03-24 00:00:00,0,6,1,0,0,26.6,0.0,Clear,0,,46,0,0.0,0.0,low,1,Night
GR19,Shivaji Park,Green Line,2024-03-24 01:00:00,1,6,1,0,0,27.2,0.0,Clear,0,,12,0,0.0,0.0,low,1,Night
GR19,Shivaji Park,Green Line,2024-03-24 02:00:00,2,6,1,0,0,28.0,0.0,Clear,0,,0,0,0.0,0.0,low,1,Night
GR19,Shivaji Park,Green Line,2024-03-24 03:00:00,3,6,1,0,0,28.0,0.0,Clear,0,,0,0,0.0,0.0,low,1,Night
GR19,Shivaji Park,Green Line,2024-03-24 04:00:00,4,6,1,0,0,29.5,0.0,Clear,0,,0,0,0.0,0.0,low,1,Night
GR19,Shivaji Park,Green Line,2024-03-24 05:00:00,5,6,1,0,0,28.0,0.0,Clear,0,,0,0,0.0,0.0,low,1,Night
GR19,Shivaji Park,Green Line,2024-03-24 06:00:00,6,6,1,23,4,31.3,0.0,Clear,0,,23,0,5.8,0.184,low,2,Night
GR19,Shivaji Park,Green Line,2024-03-24 07:00:00,7,6,1,80,6,32.7,0.0,Clear,0,,103,0,13.3,0.421,medium,3,Night
GR19,Shivaji Park,Green Line,2024-03-24 08:00:00,8,6,1,275,14,33.6,0.0,Clear,0,,378,1,19.6,0.62,medium,4,Morning Peak
GR19,Shivaji Park,Green Line,2024-03-24 09:00:00,9,6,1,317,14,36.0,0.0,Clear,0,,672,1,22.6,0.715,high,4,Morning Peak
GR19,Shivaji Park,Green Line,2024-03-24 10:00:00,10,6,1,194,14,36.9,0.0,Clear,0,,786,1,13.9,0.44,medium,3,Morning Peak
GR19,Shivaji Park,Green Line,2024-03-24 11:00:00,11,6,1,135,7,36.5,0.0,Clear,0,,646,0,19.3,0.611,medium,4,Mid Morning
GR19,Shivaji Park,Green Line,2024-03-24 12:00:00,12,6,1,146,7,33.6,0.0,Cloudy,0,,475,0,20.9,0.661,high,4,Mid Morning
GR19,Shivaji Park,Green Line,2024-03-24 13:00:00,13,6,1,128,7,31.3,0.0,Cloudy,0,,409,0,18.3,0.579,medium,4,Mid Morning
GR19,Shivaji Park,Green Line,2024-03-24 14:00:00,14,6,1,121,7,30.4,0.0,Clear,0,,395,0,17.3,0.547,medium,3,Afternoon
GR19,Shivaji Park,Green Line,2024-03-24 15:00:00,15,6,1,140,7,26.2,0.0,Clear,0,,389,0,20.0,0.633,medium,4,Afternoon
GR19,Shivaji Park,Green Line,2024-03-24 16:00:00,16,6,1,148,7,26.7,0.0,Clear,0,,409,0,21.1,0.668,high,4,Afternoon
GR19,Shivaji Park,Green Line,2024-03-24 17:00:00,17,6,1,229,13,26.1,0.0,Clear,0,,517,1,17.6,0.557,medium,4,Evening Peak
GR19,Shivaji Park,Green Line,2024-03-24 18:00:00,18,6,1,291,13,27.0,0.0,Cloudy,0,,668,1,22.4,0.709,high,4,Evening Peak
GR19,Shivaji Park,Green Line,2024-03-24 19:00:00,19,6,1,272,13,25.1,0.0,Clear,0,,792,1,20.9,0.661,high,4,Evening Peak
GR19,Shivaji Park,Green Line,2024-03-24 20:00:00,20,6,1,198,13,24.5,0.0,Clear,0,,761,1,15.2,0.481,medium,3,Evening Peak
GR19,Shivaji Park,Green Line,2024-03-24 21:00:00,21,6,1,82,5,25.2,0.0,Clear,0,,552,0,16.4,0.519,medium,3,Night
GR19,Shivaji Park,Green Line,2024-03-24 22:00:00,22,6,1,40,5,25.0,0.0,Clear,0,,320,0,8.0,0.253,low,2,Night
GR19,Shivaji Park,Green Line,2024-03-24 23:00:00,23,6,1,12,0,25.1,0.0,Clear,0,,134,0,0.0,0.0,low,1,Night
GR19,Shivaji Park,Green Line,2024-03-25 00:00:00,0,0,0,0,0,26.9,0.0,Clear,1,Holi Next Day,52,0,0.0,0.0,low,1,Night
GR19,Shivaji Park,Green Line,2024-03-25 01:00:00,1,0,0,0,0,28.7,0.0,Clear,1,Holi Next Day,12,0,0.0,0.0,low,1,Night
GR19,Shivaji Park,Green Line,2024-03-25 02:00:00,2,0,0,0,0,29.7,0.0,Clear,1,Holi Next Day,0,0,0.0,0.0,low,1,Night
GR19,Shivaji Park,Green Line,2024-03-25 03:00:00,3,0,0,0,0,28.7,0.0,Clear,1,Holi Next Day,0,0,0.0,0.0,low,1,Night
GR19,Shivaji Park,Green Line,2024-03-25 04:00:00,4,0,0,0,0,28.9,0.0,Clear,1,Holi Next Day,0,0,0.0,0.0,low,1,Night
GR19,Shivaji Park,Green Line,2024-03-25 05:00:00,5,0,0,0,0,26.9,0.0,Clear,1,Holi Next Day,0,0,0.0,0.0,low,1,Night
GR19,Shivaji Park,Green Line,2024-03-25 06:00:00,6,0,0,40,4,29.2,0.0,Clear,1,Holi Next Day,40,0,10.0,0.316,low,2,Night
GR19,Shivaji Park,Green Line,2024-03-25 07:00:00,7,0,0,139,6,32.9,0.0,Clear,1,Holi Next Day,179,0,23.2,0.734,high,4,Night
GR19,Shivaji Park,Green Line,2024-03-25 08:00:00,8,0,0,397,14,36.0,0.0,Clear,1,Holi Next Day,576,1,28.4,0.899,high,5,Morning Peak
GR19,Shivaji Park,Green Line,2024-03-25 09:00:00,9,0,0,491,14,35.1,0.0,Clear,1,Holi Next Day,1027,1,35.1,1.0,high,5,Morning Peak
GR19,Shivaji Park,Green Line,2024-03-25 10:00:00,10,0,0,345,14,36.5,0.0,Clear,1,Holi Next Day,1233,1,24.6,0.778,high,5,Morning Peak
GR19,Shivaji Park,Green Line,2024-03-25 11:00:00,11,0,0,215,7,36.3,0.0,Clear,1,Holi Next Day,1051,0,30.7,0.972,high,5,Mid Morning
GR19,Shivaji Park,Green Line,2024-03-25 12:00:00,12,0,0,243,7,34.2,0.0,Clear,1,Holi Next Day,803,0,34.7,1.0,high,5,Mid Morning
GR19,Shivaji Park,Green Line,2024-03-25 13:00:00,13,0,0,217,7,31.9,0.0,Clear,1,Holi Next Day,675,0,31.0,0.981,high,5,Mid Morning
GR19,Shivaji Park,Green Line,2024-03-25 14:00:00,14,0,0,190,7,29.2,0.0,Clear,1,Holi Next Day,650,0,27.1,0.858,high,5,Afternoon
GR19,Shivaji Park,Green Line,2024-03-25 15:00:00,15,0,0,222,7,28.4,0.0,Cloudy,1,Holi Next Day,629,0,31.7,1.0,high,5,Afternoon
GR19,Shivaji Park,Green Line,2024-03-25 16:00:00,16,0,0,254,7,27.8,0.0,Clear,1,Holi Next Day,666,0,36.3,1.0,high,5,Afternoon
GR19,Shivaji Park,Green Line,2024-03-25 17:00:00,17,0,0,405,13,27.3,0.0,Clear,1,Holi Next Day,881,1,31.2,0.987,high,5,Evening Peak
GR19,Shivaji Park,Green Line,2024-03-25 18:00:00,18,0,0,467,13,26.2,0.0,Clear,1,Holi Next Day,1126,1,35.9,1.0,high,5,Evening Peak
GR19,Shivaji Park,Green Line,2024-03-25 19:00:00,19,0,0,411,13,25.4,0.0,Clear,1,Holi Next Day,1283,1,31.6,1.0,high,5,Evening Peak
GR19,Shivaji Park,Green Line,2024-03-25 20:00:00,20,0,0,320,13,25.4,0.0,Clear,1,Holi Next Day,1198,1,24.6,0.778,high,5,Evening Peak
GR19,Shivaji Park,Green Line,2024-03-25 21:00:00,21,0,0,128,5,23.3,0.0,Clear,1,Holi Next Day,859,0,25.6,0.81,high,5,Night
GR19,Shivaji Park,Green Line,2024-03-25 22:00:00,22,0,0,61,5,23.2,0.0,Clear,1,Holi Next Day,509,0,12.2,0.386,medium,3,Night
GR19,Shivaji Park,Green Line,2024-03-25 23:00:00,23,0,0,19,0,24.7,0.0,Clear,1,Holi Next Day,208,0,0.0,0.0,low,1,Night
GR19,Shivaji Park,Green Line,2024-03-26 00:00:00,0,1,0,0,0,28.7,0.0,Cloudy,0,,80,0,0.0,0.0,low,1,Night
GR19,Shivaji Park,Green Line,2024-03-26 01:00:00,1,1,0,0,0,27.9,0.0,Clear,0,,19,0,0.0,0.0,low,1,Night
GR19,Shivaji Park,Green Line,2024-03-26 02:00:00,2,1,0,0,0,27.7,0.0,Clear,0,,0,0,0.0,0.0,low,1,Night
GR19,Shivaji Park,Green Line,2024-03-26 03:00:00,3,1,0,0,0,29.9,0.0,Clear,0,,0,0,0.0,0.0,low,1,Night
GR19,Shivaji Park,Green Line,2024-03-26 04:00:00,4,1,0,0,0,30.4,0.0,Clear,0,,0,0,0.0,0.0,low,1,Night
GR19,Shivaji Park,Green Line,2024-03-26 05:00:00,5,1,0,0,0,28.0,0.0,Clear,0,,0,0,0.0,0.0,low,1,Night
GR19,Shivaji Park,Green Line,2024-03-26 06:00:00,6,1,0,33,4,28.9,0.0,Clear,0,,33,0,8.2,0.259,low,2,Night
GR19,Shivaji Park,Green Line,2024-03-26 07:00:00,7,1,0,120,6,33.6,0.0,Clear,0,,153,0,20.0,0.633,medium,4,Night
GR19,Shivaji Park,Green Line,2024-03-26 08:00:00,8,1,0,387,14,35.5,0.0,Clear,0,,540,1,27.6,0.873,high,5,Morning Peak
GR19,Shivaji Park,Green Line,2024-03-26 09:00:00,9,1,0,419,14,36.8,0.0,Clear,0,,926,1,29.9,0.946,high,5,Morning Peak
GR19,Shivaji Park,Green Line,2024-03-26 10:00:00,10,1,0,274,14,35.4,0.0,Clear,0,,1080,1,19.6,0.62,medium,4,Morning Peak
GR19,Shivaji Park,Green Line,2024-03-26 11:00:00,11,1,0,192,7,35.8,0.0,Clear,0,,885,0,27.4,0.867,high,5,Mid Morning
GR19,Shivaji Park,Green Line,2024-03-26 12:00:00,12,1,0,210,7,34.0,0.0,Clear,0,,676,0,30.0,0.949,high,5,Mid Morning
GR19,Shivaji Park,Green Line,2024-03-26 13:00:00,13,1,0,184,7,32.5,0.0,Clear,0,,586,0,26.3,0.832,high,5,Mid Morning
GR19,Shivaji Park,Green Line,2024-03-26 14:00:00,14,1,0,181,7,31.3,0.0,Clear,0,,575,0,25.9,0.82,high,5,Afternoon
GR19,Shivaji Park,Green Line,2024-03-26 15:00:00,15,1,0,174,7,28.2,0.0,Clear,0,,539,0,24.9,0.788,high,5,Afternoon
GR19,Shivaji Park,Green Line,2024-03-26 16:00:00,16,1,0,229,7,27.6,0.0,Clear,0,,584,0,32.7,1.0,high,5,Afternoon
GR19,Shivaji Park,Green Line,2024-03-26 17:00:00,17,1,0,350,13,26.9,0.0,Cloudy,0,,753,1,26.9,0.851,high,5,Evening Peak
GR19,Shivaji Park,Green Line,2024-03-26 18:00:00,18,1,0,370,13,25.3,0.0,Cloudy,0,,949,1,28.5,0.902,high,5,Evening Peak
GR19,Shivaji Park,Green Line,2024-03-26 19:00:00,19,1,0,350,13,25.7,0.0,Clear,0,,1070,1,26.9,0.851,high,5,Evening Peak
GR19,Shivaji Park,Green Line,2024-03-26 20:00:00,20,1,0,259,13,24.9,0.0,Clear,0,,979,1,19.9,0.63,medium,4,Evening Peak
GR19,Shivaji Park,Green Line,2024-03-26 21:00:00,21,1,0,119,5,23.3,0.0,Clear,0,,728,0,23.8,0.753,high,5,Night
GR19,Shivaji Park,Green Line,2024-03-26 22:00:00,22,1,0,53,5,23.2,0.0,Clear,0,,431,0,10.6,0.335,low,2,Night
GR19,Shivaji Park,Green Line,2024-03-26 23:00:00,23,1,0,17,0,24.9,0.0,Clear,0,,189,0,0.0,0.0,low,1,Night
GR19,Shivaji Park,Green Line,2024-03-27 00:00:00,0,2,0,0,0,26.8,0.0,Clear,0,,70,0,0.0,0.0,low,1,Night
GR19,Shivaji Park,Green Line,2024-03-27 01:00:00,1,2,0,0,0,28.3,0.0,Clear,0,,17,0,0.0,0.0,low,1,Night
GR19,Shivaji Park,Green Line,2024-03-27 02:00:00,2,2,0,0,0,28.5,0.0,Clear,0,,0,0,0.0,0.0,low,1,Night
GR19,Shivaji Park,Green Line,2024-03-27 03:00:00,3,2,0,0,0,29.0,0.0,Clear,0,,0,0,0.0,0.0,low,1,Night
GR19,Shivaji Park,Green Line,2024-03-27 04:00:00,4,2,0,0,0,30.8,0.0,Clear,0,,0,0,0.0,0.0,low,1,Night
GR19,Shivaji Park,Green Line,2024-03-27 05:00:00,5,2,0,0,0,28.9,0.0,Clear,0,,0,0,0.0,0.0,low,1,Night
GR19,Shivaji Park,Green Line,2024-03-27 06:00:00,6,2,0,32,4,32.0,0.0,Clear,0,,32,0,8.0,0.253,low,2,Night
GR19,Shivaji Park,Green Line,2024-03-27 07:00:00,7,2,0,116,6,34.0,0.0,Clear,0,,148,0,19.3,0.611,medium,4,Night
GR19,Shivaji Park,Green Line,2024-03-27 08:00:00,8,2,0,364,14,36.3,0.0,Clear,0,,512,1,26.0,0.823,high,5,Morning Peak
GR19,Shivaji Park,Green Line,2024-03-27 09:00:00,9,2,0,403,14,36.1,0.0,Clear,0,,883,1,28.8,0.911,high,5,Morning Peak
GR19,Shivaji Park,Green Line,2024-03-27 10:00:00,10,2,0,270,14,37.8,0.0,Cloudy,0,,1037,1,19.3,0.611,medium,4,Morning Peak
GR19,Shivaji Park,Green Line,2024-03-27 11:00:00,11,2,0,213,7,36.5,0.0,Clear,0,,886,0,30.4,0.962,high,5,Mid Morning
GR19,Shivaji Park,Green Line,2024-03-27 12:00:00,12,2,0,201,7,35.9,0.0,Clear,0,,684,0,28.7,0.908,high,5,Mid Morning
GR19,Shivaji Park,Green Line,2024-03-27 13:00:00,13,2,0,167,7,33.4,0.0,Clear,0,,581,0,23.9,0.756,high,5,Mid Morning
GR19,Shivaji Park,Green Line,2024-03-27 14:00:00,14,2,0,176,7,31.0,0.0,Clear,0,,544,0,25.1,0.794,high,5,Afternoon
GR19,Shivaji Park,Green Line,2024-03-27 15:00:00,15,2,0,190,7,25.6,0.0,Clear,0,,533,0,27.1,0.858,high,5,Afternoon
GR19,Shivaji Park,Green Line,2024-03-27 16:00:00,16,2,0,228,7,27.2,0.0,Cloudy,0,,594,0,32.6,1.0,high,5,Afternoon
GR19,Shivaji Park,Green Line,2024-03-27 17:00:00,17,2,0,359,13,27.0,0.0,Clear,0,,777,1,27.6,0.873,high,5,Evening Peak
GR19,Shivaji Park,Green Line,2024-03-27 18:00:00,18,2,0,379,13,25.7,0.0,Clear,0,,966,1,29.2,0.924,high,5,Evening Peak
GR19,Shivaji Park,Green Line,2024-03-27 19:00:00,19,2,0,391,13,25.4,0.0,Clear,0,,1129,1,30.1,0.953,high,5,Evening Peak
GR19,Shivaji Park,Green Line,2024-03-27 20:00:00,20,2,0,272,13,25.5,0.0,Clear,0,,1042,1,20.9,0.661,high,4,Evening Peak
GR19,Shivaji Park,Green Line,2024-03-27 21:00:00,21,2,0,111,5,24.5,0.0,Clear,0,,774,0,22.2,0.703,high,4,Night
GR19,Shivaji Park,Green Line,2024-03-27 22:00:00,22,2,0,48,5,26.4,0.0,Clear,0,,431,0,9.6,0.304,low,2,Night
GR19,Shivaji Park,Green Line,2024-03-27 23:00:00,23,2,0,16,0,24.4,0.0,Clear,0,,175,0,0.0,0.0,low,1,Night
GR19,Shivaji Park,Green Line,2024-03-28 00:00:00,0,3,0,0,0,26.9,0.0,Clear,0,,64,0,0.0,0.0,low,1,Night
GR19,Shivaji Park,Green Line,2024-03-28 01:00:00,1,3,0,0,0,28.9,0.0,Clear,0,,16,0,0.0,0.0,low,1,Night
GR19,Shivaji Park,Green Line,2024-03-28 02:00:00,2,3,0,0,0,28.0,0.0,Clear,0,,0,0,0.0,0.0,low,1,Night
GR19,Shivaji Park,Green Line,2024-03-28 03:00:00,3,3,0,0,0,29.1,0.0,Clear,0,,0,0,0.0,0.0,low,1,Night
GR19,Shivaji Park,Green Line,2024-03-28 04:00:00,4,3,0,0,0,30.0,0.0,Clear,0,,0,0,0.0,0.0,low,1,Night
GR19,Shivaji Park,Green Line,2024-03-28 05:00:00,5,3,0,0,0,29.6,0.0,Clear,0,,0,0,0.0,0.0,low,1,Night
GR19,Shivaji Park,Green Line,2024-03-28 06:00:00,6,3,0,30,4,32.7,0.0,Clear,0,,30,0,7.5,0.237,low,2,Night
GR19,Shivaji Park,Green Line,2024-03-28 07:00:00,7,3,0,124,6,33.7,0.0,Clear,0,,154,0,20.7,0.655,high,4,Night
GR19,Shivaji Park,Green Line,2024-03-28 08:00:00,8,3,0,396,14,33.9,0.0,Clear,0,,550,1,28.3,0.896,high,5,Morning Peak
GR19,Shivaji Park,Green Line,2024-03-28 09:00:00,9,3,0,426,14,37.1,0.0,Cloudy,0,,946,1,30.4,0.962,high,5,Morning Peak
GR19,Shivaji Park,Green Line,2024-03-28 10:00:00,10,3,0,296,14,37.3,0.0,Cloudy,0,,1118,1,21.1,0.668,high,4,Morning Peak
GR19,Shivaji Park,Green Line,2024-03-28 11:00:00,11,3,0,203,7,38.1,0.0,Clear,0,,925,0,29.0,0.918,high,5,Mid Morning
GR19,Shivaji Park,Green Line,2024-03-28 12:00:00,12,3,0,211,7,37.0,0.0,Clear,0,,710,0,30.1,0.953,high,5,Mid Morning
GR19,Shivaji Park,Green Line,2024-03-28 13:00:00,13,3,0,178,7,33.2,0.0,Clear,0,,592,0,25.4,0.804,high,5,Mid Morning
GR19,Shivaji Park,Green Line,2024-03-28 14:00:00,14,3,0,156,7,31.0,0.0,Cloudy,0,,545,0,22.3,0.706,high,4,Afternoon
GR19,Shivaji Park,Green Line,2024-03-28 15:00:00,15,3,0,196,7,27.3,0.0,Clear,0,,530,0,28.0,0.886,high,5,Afternoon
GR19,Shivaji Park,Green Line,2024-03-28 16:00:00,16,3,0,213,7,26.9,0.0,Clear,0,,565,0,30.4,0.962,high,5,Afternoon
GR19,Shivaji Park,Green Line,2024-03-28 17:00:00,17,3,0,344,13,26.2,0.0,Clear,0,,753,1,26.5,0.839,high,5,Evening Peak
GR19,Shivaji Park,Green Line,2024-03-28 18:00:00,18,3,0,398,13,26.3,0.0,Clear,0,,955,1,30.6,0.968,high,5,Evening Peak
GR19,Shivaji Park,Green Line,2024-03-28 19:00:00,19,3,0,363,13,25.2,0.0,Clear,0,,1105,1,27.9,0.883,high,5,Evening Peak
GR19,Shivaji Park,Green Line,2024-03-28 20:00:00,20,3,0,257,13,26.1,0.0,Clear,0,,1018,1,19.8,0.627,medium,4,Evening Peak
GR19,Shivaji Park,Green Line,2024-03-28 21:00:00,21,3,0,115,5,25.1,0.0,Clear,0,,735,0,23.0,0.728,high,4,Night
GR19,Shivaji Park,Green Line,2024-03-28 22:00:00,22,3,0,49,5,23.7,0.0,Clear,0,,421,0,9.8,0.31,low,2,Night
GR19,Shivaji Park,Green Line,2024-03-28 23:00:00,23,3,0,16,0,25.8,0.0,Clear,0,,180,0,0.0,0.0,low,1,Night
GR19,Shivaji Park,Green Line,2024-03-29 00:00:00,0,4,0,0,0,29.6,0.0,Clear,1,Good Friday,65,0,0.0,0.0,low,1,Night
GR19,Shivaji Park,Green Line,2024-03-29 01:00:00,1,4,0,0,0,28.5,0.0,Clear,1,Good Friday,16,0,0.0,0.0,low,1,Night
GR19,Shivaji Park,Green Line,2024-03-29 02:00:00,2,4,0,0,0,28.2,0.0,Clear,1,Good Friday,0,0,0.0,0.0,low,1,Night
GR19,Shivaji Park,Green Line,2024-03-29 03:00:00,3,4,0,0,0,30.5,0.0,Clear,1,Good Friday,0,0,0.0,0.0,low,1,Night
GR19,Shivaji Park,Green Line,2024-03-29 04:00:00,4,4,0,0,0,29.4,0.0,Clear,1,Good Friday,0,0,0.0,0.0,low,1,Night
GR19,Shivaji Park,Green Line,2024-03-29 05:00:00,5,4,0,0,0,28.2,0.0,Clear,1,Good Friday,0,0,0.0,0.0,low,1,Night
GR19,Shivaji Park,Green Line,2024-03-29 06:00:00,6,4,0,27,4,31.8,0.0,Clear,1,Good Friday,27,0,6.8,0.215,low,2,Night
GR19,Shivaji Park,Green Line,2024-03-29 07:00:00,7,4,0,98,6,34.4,0.0,Clear,1,Good Friday,125,0,16.3,0.516,medium,3,Night
GR19,Shivaji Park,Green Line,2024-03-29 08:00:00,8,4,0,329,14,34.0,0.0,Clear,1,Good Friday,454,1,23.5,0.744,high,4,Morning Peak
GR19,Shivaji Park,Green Line,2024-03-29 09:00:00,9,4,0,354,14,36.9,0.0,Clear,1,Good Friday,781,1,25.3,0.801,high,5,Morning Peak
GR19,Shivaji Park,Green Line,2024-03-29 10:00:00,10,4,0,250,14,38.2,0.0,Clear,1,Good Friday,933,1,17.9,0.566,medium,4,Morning Peak
GR19,Shivaji Park,Green Line,2024-03-29 11:00:00,11,4,0,158,7,37.4,0.0,Clear,1,Good Friday,762,0,22.6,0.715,high,4,Mid Morning
GR19,Shivaji Park,Green Line,2024-03-29 12:00:00,12,4,0,160,7,35.3,0.0,Clear,1,Good Friday,568,0,22.9,0.725,high,4,Mid Morning
GR19,Shivaji Park,Green Line,2024-03-29 13:00:00,13,4,0,150,7,34.0,0.0,Clear,1,Good Friday,468,0,21.4,0.677,high,4,Mid Morning
GR19,Shivaji Park,Green Line,2024-03-29 14:00:00,14,4,0,146,7,32.9,0.0,Clear,1,Good Friday,456,0,20.9,0.661,high,4,Afternoon
GR19,Shivaji Park,Green Line,2024-03-29 15:00:00,15,4,0,151,7,29.6,0.0,Clear,1,Good Friday,447,0,21.6,0.684,high,4,Afternoon
GR19,Shivaji Park,Green Line,2024-03-29 16:00:00,16,4,0,195,7,27.5,0.0,Clear,1,Good Friday,492,0,27.9,0.883,high,5,Afternoon
GR19,Shivaji Park,Green Line,2024-03-29 17:00:00,17,4,0,270,13,26.7,0.0,Clear,1,Good Friday,616,1,20.8,0.658,high,4,Evening Peak
GR19,Shivaji Park,Green Line,2024-03-29 18:00:00,18,4,0,352,13,27.8,0.0,Clear,1,Good Friday,817,1,27.1,0.858,high,5,Evening Peak
GR19,Shivaji Park,Green Line,2024-03-29 19:00:00,19,4,0,320,13,27.2,0.0,Cloudy,1,Good Friday,942,1,24.6,0.778,high,5,Evening Peak
GR19,Shivaji Park,Green Line,2024-03-29 20:00:00,20,4,0,214,13,25.2,0.0,Clear,1,Good Friday,886,1,16.5,0.522,medium,3,Evening Peak
GR19,Shivaji Park,Green Line,2024-03-29 21:00:00,21,4,0,104,5,26.2,0.0,Clear,1,Good Friday,638,0,20.8,0.658,high,4,Night
GR19,Shivaji Park,Green Line,2024-03-29 22:00:00,22,4,0,48,5,27.1,0.0,Clear,1,Good Friday,366,0,9.6,0.304,low,2,Night
GR19,Shivaji Park,Green Line,2024-03-29 23:00:00,23,4,0,13,0,25.7,0.0,Clear,1,Good Friday,165,0,0.0,0.0,low,1,Night
GR19,Shivaji Park,Green Line,2024-03-30 00:00:00,0,5,1,0,0,29.2,0.0,Clear,0,,61,0,0.0,0.0,low,1,Night
GR19,Shivaji Park,Green Line,2024-03-30 01:00:00,1,5,1,0,0,29.8,0.0,Clear,0,,13,0,0.0,0.0,low,1,Night
GR19,Shivaji Park,Green Line,2024-03-30 02:00:00,2,5,1,0,0,27.4,0.0,Clear,0,,0,0,0.0,0.0,low,1,Night
GR19,Shivaji Park,Green Line,2024-03-30 03:00:00,3,5,1,0,0,30.0,0.0,Clear,0,,0,0,0.0,0.0,low,1,Night
GR19,Shivaji Park,Green Line,2024-03-30 04:00:00,4,5,1,0,0,31.7,0.0,Clear,0,,0,0,0.0,0.0,low,1,Night
GR19,Shivaji Park,Green Line,2024-03-30 05:00:00,5,5,1,0,0,28.6,0.0,Clear,0,,0,0,0.0,0.0,low,1,Night
GR19,Shivaji Park,Green Line,2024-03-30 06:00:00,6,5,1,24,4,30.6,0.0,Clear,0,,24,0,6.0,0.19,low,2,Night
GR19,Shivaji Park,Green Line,2024-03-30 07:00:00,7,5,1,91,6,34.0,0.0,Clear,0,,115,0,15.2,0.481,medium,3,Night
GR19,Shivaji Park,Green Line,2024-03-30 08:00:00,8,5,1,261,14,35.6,0.0,Clear,0,,376,1,18.6,0.589,medium,4,Morning Peak
GR19,Shivaji Park,Green Line,2024-03-30 09:00:00,9,5,1,315,14,37.8,0.0,Clear,0,,667,1,22.5,0.712,high,4,Morning Peak
GR19,Shivaji Park,Green Line,2024-03-30 10:00:00,10,5,1,206,14,37.8,0.0,Clear,0,,782,1,14.7,0.465,medium,3,Morning Peak
GR19,Shivaji Park,Green Line,2024-03-30 11:00:00,11,5,1,137,7,37.6,0.0,Clear,0,,658,0,19.6,0.62,medium,4,Mid Morning
GR19,Shivaji Park,Green Line,2024-03-30 12:00:00,12,5,1,137,7,36.2,0.0,Clear,0,,480,0,19.6,0.62,medium,4,Mid Morning
GR19,Shivaji Park,Green Line,2024-03-30 13:00:00,13,5,1,137,7,31.8,0.0,Clear,0,,411,0,19.6,0.62,medium,4,Mid Morning
GR19,Shivaji Park,Green Line,2024-03-30 14:00:00,14,5,1,131,7,31.3,0.0,Clear,0,,405,0,18.7,0.592,medium,4,Afternoon
GR19,Shivaji Park,Green Line,2024-03-30 15:00:00,15,5,1,140,7,27.5,0.0,Clear,0,,408,0,20.0,0.633,medium,4,Afternoon
GR19,Shivaji Park,Green Line,2024-03-30 16:00:00,16,5,1,167,7,26.2,0.0,Clear,0,,438,0,23.9,0.756,high,5,Afternoon
GR19,Shivaji Park,Green Line,2024-03-30 17:00:00,17,5,1,259,13,28.2,0.0,Clear,0,,566,1,19.9,0.63,medium,4,Evening Peak
GR19,Shivaji Park,Green Line,2024-03-30 18:00:00,18,5,1,296,13,27.3,0.0,Clear,0,,722,1,22.8,0.722,high,4,Evening Peak
GR19,Shivaji Park,Green Line,2024-03-30 19:00:00,19,5,1,281,13,26.3,0.0,Clear,0,,836,1,21.6,0.684,high,4,Evening Peak
GR19,Shivaji Park,Green Line,2024-03-30 20:00:00,20,5,1,210,13,27.7,0.0,Clear,0,,787,1,16.2,0.513,medium,3,Evening Peak
GR19,Shivaji Park,Green Line,2024-03-30 21:00:00,21,5,1,87,5,25.7,0.0,Clear,0,,578,0,17.4,0.551,medium,4,Night
GR19,Shivaji Park,Green Line,2024-03-30 22:00:00,22,5,1,40,5,26.0,0.0,Clear,0,,337,0,8.0,0.253,low,2,Night
GR19,Shivaji Park,Green Line,2024-03-30 23:00:00,23,5,1,11,0,24.5,0.0,Clear,0,,138,0,0.0,0.0,low,1,Night
GR19,Shivaji Park,Green Line,2024-03-31 00:00:00,0,6,1,0,0,27.5,0.0,Clear,1,Easter Sunday,51,0,0.0,0.0,low,1,Night
GR19,Shivaji Park,Green Line,2024-03-31 01:00:00,1,6,1,0,0,28.5,0.0,Clear,1,Easter Sunday,11,0,0.0,0.0,low,1,Night
GR19,Shivaji Park,Green Line,2024-03-31 02:00:00,2,6,1,0,0,31.0,0.0,Cloudy,1,Easter Sunday,0,0,0.0,0.0,low,1,Night
GR19,Shivaji Park,Green Line,2024-03-31 03:00:00,3,6,1,0,0,30.4,0.0,Clear,1,Easter Sunday,0,0,0.0,0.0,low,1,Night
GR19,Shivaji Park,Green Line,2024-03-31 04:00:00,4,6,1,0,0,33.2,0.0,Clear,1,Easter Sunday,0,0,0.0,0.0,low,1,Night
GR19,Shivaji Park,Green Line,2024-03-31 05:00:00,5,6,1,0,0,29.4,0.0,Clear,1,Easter Sunday,0,0,0.0,0.0,low,1,Night
GR19,Shivaji Park,Green Line,2024-03-31 06:00:00,6,6,1,22,4,30.5,0.0,Clear,1,Easter Sunday,22,0,5.5,0.174,low,2,Night
GR19,Shivaji Park,Green Line,2024-03-31 07:00:00,7,6,1,72,6,32.0,0.0,Clear,1,Easter Sunday,94,0,12.0,0.38,medium,3,Night
GR19,Shivaji Park,Green Line,2024-03-31 08:00:00,8,6,1,216,14,35.5,0.0,Cloudy,1,Easter Sunday,310,1,15.4,0.487,medium,3,Morning Peak
GR19,Shivaji Park,Green Line,2024-03-31 09:00:00,9,6,1,282,14,37.7,0.0,Cloudy,1,Easter Sunday,570,1,20.1,0.636,medium,4,Morning Peak
GR19,Shivaji Park,Green Line,2024-03-31 10:00:00,10,6,1,169,14,37.0,0.0,Clear,1,Easter Sunday,667,1,12.1,0.383,medium,3,Morning Peak
GR19,Shivaji Park,Green Line,2024-03-31 11:00:00,11,6,1,126,7,36.2,0.0,Clear,1,Easter Sunday,577,0,18.0,0.57,medium,4,Mid Morning
GR19,Shivaji Park,Green Line,2024-03-31 12:00:00,12,6,1,121,7,35.9,0.0,Clear,1,Easter Sunday,416,0,17.3,0.547,medium,3,Mid Morning
GR19,Shivaji Park,Green Line,2024-03-31 13:00:00,13,6,1,115,7,33.4,0.0,Clear,1,Easter Sunday,362,0,16.4,0.519,medium,3,Mid Morning
GR19,Shivaji Park,Green Line,2024-03-31 14:00:00,14,6,1,112,7,35.3,0.0,Clear,1,Easter Sunday,348,0,16.0,0.506,medium,3,Afternoon
GR19,Shivaji Park,Green Line,2024-03-31 15:00:00,15,6,1,119,7,27.2,0.0,Clear,1,Easter Sunday,346,0,17.0,0.538,medium,3,Afternoon
GR19,Shivaji Park,Green Line,2024-03-31 16:00:00,16,6,1,138,7,28.0,0.0,Clear,1,Easter Sunday,369,0,19.7,0.623,medium,4,Afternoon
GR19,Shivaji Park,Green Line,2024-03-31 17:00:00,17,6,1,223,13,27.3,0.0,Clear,1,Easter Sunday,480,1,17.2,0.544,medium,3,Evening Peak
GR19,Shivaji Park,Green Line,2024-03-31 18:00:00,18,6,1,240,13,27.6,0.0,Clear,1,Easter Sunday,601,1,18.5,0.585,medium,4,Evening Peak
GR19,Shivaji Park,Green Line,2024-03-31 19:00:00,19,6,1,229,13,25.8,0.0,Clear,1,Easter Sunday,692,1,17.6,0.557,medium,4,Evening Peak
GR19,Shivaji Park,Green Line,2024-03-31 20:00:00,20,6,1,167,13,26.4,0.0,Clear,1,Easter Sunday,636,1,12.8,0.405,medium,3,Evening Peak
GR19,Shivaji Park,Green Line,2024-03-31 21:00:00,21,6,1,77,5,26.3,0.0,Clear,1,Easter Sunday,473,0,15.4,0.487,medium,3,Night
GR19,Shivaji Park,Green Line,2024-03-31 22:00:00,22,6,1,35,5,25.2,0.0,Clear,1,Easter Sunday,279,0,7.0,0.222,low,2,Night
GR19,Shivaji Park,Green Line,2024-03-31 23:00:00,23,6,1,11,0,27.7,0.0,Clear,1,Easter Sunday,123,0,0.0,0.0,low,1,Night
GR19,Shivaji Park,Green Line,2024-04-01 00:00:00,0,0,0,0,0,28.8,0.0,Clear,0,,46,0,0.0,0.0,low,1,Night
GR19,Shivaji Park,Green Line,2024-04-01 01:00:00,1,0,0,0,0,29.0,0.0,Cloudy,0,,11,0,0.0,0.0,low,1,Night
GR19,Shivaji Park,Green Line,2024-04-01 02:00:00,2,0,0,0,0,30.9,0.0,Clear,0,,0,0,0.0,0.0,low,1,Night
GR19,Shivaji Park,Green Line,2024-04-01 03:00:00,3,0,0,0,0,29.4,0.0,Clear,0,,0,0,0.0,0.0,low,1,Night
GR19,Shivaji Park,Green Line,2024-04-01 04:00:00,4,0,0,0,0,30.2,0.0,Clear,0,,0,0,0.0,0.0,low,1,Night
GR19,Shivaji Park,Green Line,2024-04-01 05:00:00,5,0,0,0,0,30.1,0.0,Clear,0,,0,0,0.0,0.0,low,1,Night
GR19,Shivaji Park,Green Line,2024-04-01 06:00:00,6,0,0,33,4,32.1,0.0,Clear,0,,33,0,8.2,0.259,low,2,Night
GR19,Shivaji Park,Green Line,2024-04-01 07:00:00,7,0,0,121,6,32.3,0.0,Clear,0,,154,0,20.2,0.639,medium,4,Night
GR19,Shivaji Park,Green Line,2024-04-01 08:00:00,8,0,0,391,14,34.8,0.0,Clear,0,,545,1,27.9,0.883,high,5,Morning Peak
GR19,Shivaji Park,Green Line,2024-04-01 09:00:00,9,0,0,416,14,35.7,0.0,Clear,0,,928,1,29.7,0.94,high,5,Morning Peak
GR19,Shivaji Park,Green Line,2024-04-01 10:00:00,10,0,0,306,14,36.8,0.0,Clear,0,,1113,1,21.9,0.693,high,4,Morning Peak
GR19,Shivaji Park,Green Line,2024-04-01 11:00:00,11,0,0,194,7,34.9,0.0,Clear,0,,916,0,27.7,0.877,high,5,Mid Morning
GR19,Shivaji Park,Green Line,2024-04-01 12:00:00,12,0,0,192,7,35.8,0.0,Clear,0,,692,0,27.4,0.867,high,5,Mid Morning
GR19,Shivaji Park,Green Line,2024-04-01 13:00:00,13,0,0,185,7,34.5,0.0,Clear,0,,571,0,26.4,0.835,high,5,Mid Morning
GR19,Shivaji Park,Green Line,2024-04-01 14:00:00,14,0,0,155,7,31.5,0.0,Clear,0,,532,0,22.1,0.699,high,4,Afternoon
GR19,Shivaji Park,Green Line,2024-04-01 15:00:00,15,0,0,172,7,28.6,0.0,Clear,0,,512,0,24.6,0.778,high,5,Afternoon
GR19,Shivaji Park,Green Line,2024-04-01 16:00:00,16,0,0,229,7,28.6,0.0,Clear,0,,556,0,32.7,1.0,high,5,Afternoon
GR19,Shivaji Park,Green Line,2024-04-01 17:00:00,17,0,0,362,13,28.4,0.0,Clear,0,,763,1,27.8,0.88,high,5,Evening Peak
GR19,Shivaji Park,Green Line,2024-04-01 18:00:00,18,0,0,427,13,27.3,0.0,Clear,0,,1018,1,32.8,1.0,high,5,Evening Peak
GR19,Shivaji Park,Green Line,2024-04-01 19:00:00,19,0,0,340,13,27.3,0.0,Cloudy,0,,1129,1,26.2,0.829,high,5,Evening Peak
GR19,Shivaji Park,Green Line,2024-04-01 20:00:00,20,0,0,269,13,26.3,0.0,Clear,0,,1036,1,20.7,0.655,high,4,Evening Peak
GR19,Shivaji Park,Green Line,2024-04-01 21:00:00,21,0,0,117,5,26.0,0.0,Clear,0,,726,0,23.4,0.741,high,4,Night
GR19,Shivaji Park,Green Line,2024-04-01 22:00:00,22,0,0,55,5,25.8,0.0,Clear,0,,441,0,11.0,0.348,low,2,Night
GR19,Shivaji Park,Green Line,2024-04-01 23:00:00,23,0,0,17,0,24.5,0.0,Clear,0,,189,0,0.0,0.0,low,1,Night
GR19,Shivaji Park,Green Line,2024-04-02 00:00:00,0,1,0,0,0,28.3,0.0,Clear,0,,72,0,0.0,0.0,low,1,Night
GR19,Shivaji Park,Green Line,2024-04-02 01:00:00,1,1,0,0,0,29.4,0.0,Clear,0,,17,0,0.0,0.0,low,1,Night
GR19,Shivaji Park,Green Line,2024-04-02 02:00:00,2,1,0,0,0,30.9,0.0,Clear,0,,0,0,0.0,0.0,low,1,Night
GR19,Shivaji Park,Green Line,2024-04-02 03:00:00,3,1,0,0,0,30.9,0.0,Clear,0,,0,0,0.0,0.0,low,1,Night
GR19,Shivaji Park,Green Line,2024-04-02 04:00:00,4,1,0,0,0,31.0,0.0,Clear,0,,0,0,0.0,0.0,low,1,Night
GR19,Shivaji Park,Green Line,2024-04-02 05:00:00,5,1,0,0,0,28.7,0.0,Clear,0,,0,0,0.0,0.0,low,1,Night
GR19,Shivaji Park,Green Line,2024-04-02 06:00:00,6,1,0,33,4,29.8,0.0,Clear,0,,33,0,8.2,0.259,low,2,Night
GR19,Shivaji Park,Green Line,2024-04-02 07:00:00,7,1,0,112,6,34.3,0.0,Clear,0,,145,0,18.7,0.592,medium,4,Night
GR19,Shivaji Park,Green Line,2024-04-02 08:00:00,8,1,0,346,14,35.2,0.0,Cloudy,0,,491,1,24.7,0.782,high,5,Morning Peak
GR19,Shivaji Park,Green Line,2024-04-02 09:00:00,9,1,0,434,14,35.8,0.0,Clear,0,,892,1,31.0,0.981,high,5,Morning Peak
GR19,Shivaji Park,Green Line,2024-04-02 10:00:00,10,1,0,305,14,37.2,0.0,Clear,0,,1085,1,21.8,0.69,high,4,Morning Peak
GR19,Shivaji Park,Green Line,2024-04-02 11:00:00,11,1,0,199,7,36.8,0.0,Clear,0,,938,0,28.4,0.899,high,5,Mid Morning
GR19,Shivaji Park,Green Line,2024-04-02 12:00:00,12,1,0,214,7,34.5,0.0,Clear,0,,718,0,30.6,0.968,high,5,Mid Morning
GR19,Shivaji Park,Green Line,2024-04-02 13:00:00,13,1,0,180,7,34.0,0.0,Clear,0,,593,0,25.7,0.813,high,5,Mid Morning
GR19,Shivaji Park,Green Line,2024-04-02 14:00:00,14,1,0,161,7,31.7,0.0,Clear,0,,555,0,23.0,0.728,high,4,Afternoon
GR19,Shivaji Park,Green Line,2024-04-02 15:00:00,15,1,0,185,7,29.7,0.0,Clear,0,,526,0,26.4,0.835,high,5,Afternoon
GR19,Shivaji Park,Green Line,2024-04-02 16:00:00,16,1,0,207,7,28.4,0.0,Clear,0,,553,0,29.6,0.937,high,5,Afternoon
GR19,Shivaji Park,Green Line,2024-04-02 17:00:00,17,1,0,325,13,27.7,0.0,Clear,0,,717,1,25.0,0.791,high,5,Evening Peak
GR19,Shivaji Park,Green Line,2024-04-02 18:00:00,18,1,0,410,13,27.1,0.0,Clear,0,,942,1,31.5,0.997,high,5,Evening Peak
GR19,Shivaji Park,Green Line,2024-04-02 19:00:00,19,1,0,377,13,26.4,0.0,Clear,0,,1112,1,29.0,0.918,high,5,Evening Peak
GR19,Shivaji Park,Green Line,2024-04-02 20:00:00,20,1,0,287,13,26.0,0.0,Clear,0,,1074,1,22.1,0.699,high,4,Evening Peak
GR19,Shivaji Park,Green Line,2024-04-02 21:00:00,21,1,0,112,5,24.6,0.0,Clear,0,,776,0,22.4,0.709,high,4,Night
GR19,Shivaji Park,Green Line,2024-04-02 22:00:00,22,1,0,52,5,26.5,0.0,Clear,0,,451,0,10.4,0.329,low,2,Night
GR19,Shivaji Park,Green Line,2024-04-02 23:00:00,23,1,0,16,0,26.8,0.0,Clear,0,,180,0,0.0,0.0,low,1,Night
GR19,Shivaji Park,Green Line,2024-04-03 00:00:00,0,2,0,0,0,27.2,0.0,Clear,0,,68,0,0.0,0.0,low,1,Night
GR19,Shivaji Park,Green Line,2024-04-03 01:00:00,1,2,0,0,0,30.2,0.0,Clear,0,,16,0,0.0,0.0,low,1,Night
GR19,Shivaji Park,Green Line,2024-04-03 02:00:00,2,2,0,0,0,29.3,0.0,Clear,0,,0,0,0.0,0.0,low,1,Night
GR19,Shivaji Park,Green Line,2024-04-03 03:00:00,3,2,0,0,0,30.1,0.0,Clear,0,,0,0,0.0,0.0,low,1,Night
GR19,Shivaji Park,Green Line,2024-04-03 04:00:00,4,2,0,0,0,30.5,0.0,Clear,0,,0,0,0.0,0.0,low,1,Night
GR19,Shivaji Park,Green Line,2024-04-03 05:00:00,5,2,0,0,0,29.5,0.0,Cloudy,0,,0,0,0.0,0.0,low,1,Night
GR19,Shivaji Park,Green Line,2024-04-03 06:00:00,6,2,0,31,4,30.6,0.0,Cloudy,0,,31,0,7.8,0.247,low,2,Night
GR19,Shivaji Park,Green Line,2024-04-03 07:00:00,7,2,0,124,6,35.5,0.0,Clear,0,,155,0,20.7,0.655,high,4,Night
GR19,Shivaji Park,Green Line,2024-04-03 08:00:00,8,2,0,352,14,34.4,0.0,Clear,0,,507,1,25.1,0.794,high,5,Morning Peak
GR19,Shivaji Park,Green Line,2024-04-03 09:00:00,9,2,0,401,14,37.1,0.0,Clear,0,,877,1,28.6,0.905,high,5,Morning Peak
GR19,Shivaji Park,Green Line,2024-04-03 10:00:00,10,2,0,279,14,38.6,0.0,Clear,0,,1032,1,19.9,0.63,medium,4,Morning Peak
GR19,Shivaji Park,Green Line,2024-04-03 11:00:00,11,2,0,187,7,36.4,0.0,Clear,0,,867,0,26.7,0.845,high,5,Mid Morning
GR19,Shivaji Park,Green Line,2024-04-03 12:00:00,12,2,0,212,7,37.4,0.0,Clear,0,,678,0,30.3,0.959,high,5,Mid Morning
GR19,Shivaji Park,Green Line,2024-04-03 13:00:00,13,2,0,194,7,32.5,0.0,Clear,0,,593,0,27.7,0.877,high,5,Mid Morning
GR19,Shivaji Park,Green Line,2024-04-03 14:00:00,14,2,0,162,7,30.6,0.0,Clear,0,,568,0,23.1,0.731,high,4,Afternoon
GR19,Shivaji Park,Green Line,2024-04-03 15:00:00,15,2,0,179,7,29.2,0.0,Clear,0,,535,0,25.6,0.81,high,5,Afternoon
GR19,Shivaji Park,Green Line,2024-04-03 16:00:00,16,2,0,232,7,29.4,0.0,Clear,0,,573,0,33.1,1.0,high,5,Afternoon
GR19,Shivaji Park,Green Line,2024-04-03 17:00:00,17,2,0,359,13,28.3,0.0,Clear,0,,770,1,27.6,0.873,high,5,Evening Peak
GR19,Shivaji Park,Green Line,2024-04-03 18:00:00,18,2,0,401,13,27.1,0.0,Clear,0,,992,1,30.8,0.975,high,5,Evening Peak
GR19,Shivaji Park,Green Line,2024-04-03 19:00:00,19,2,0,344,13,27.4,0.0,Clear,0,,1104,1,26.5,0.839,high,5,Evening Peak
GR19,Shivaji Park,Green Line,2024-04-03 20:00:00,20,2,0,257,13,25.5,0.0,Clear,0,,1002,1,19.8,0.627,medium,4,Evening Peak
GR19,Shivaji Park,Green Line,2024-04-03 21:00:00,21,2,0,124,5,26.6,0.0,Clear,0,,725,0,24.8,0.785,high,5,Night
GR19,Shivaji Park,Green Line,2024-04-03 22:00:00,22,2,0,53,5,25.8,0.0,Clear,0,,434,0,10.6,0.335,low,2,Night
GR19,Shivaji Park,Green Line,2024-04-03 23:00:00,23,2,0,16,0,27.3,0.0,Clear,0,,193,0,0.0,0.0,low,1,Night
GR19,Shivaji Park,Green Line,2024-04-04 00:00:00,0,3,0,0,0,28.9,0.0,Clear,0,,69,0,0.0,0.0,low,1,Night
GR19,Shivaji Park,Green Line,2024-04-04 01:00:00,1,3,0,0,0,29.0,0.0,Clear,0,,16,0,0.0,0.0,low,1,Night
GR19,Shivaji Park,Green Line,2024-04-04 02:00:00,2,3,0,0,0,30.0,0.0,Clear,0,,0,0,0.0,0.0,low,1,Night
GR19,Shivaji Park,Green Line,2024-04-04 03:00:00,3,3,0,0,0,32.3,0.0,Clear,0,,0,0,0.0,0.0,low,1,Night
GR19,Shivaji Park,Green Line,2024-04-04 04:00:00,4,3,0,0,0,30.6,0.0,Clear,0,,0,0,0.0,0.0,low,1,Night
GR19,Shivaji Park,Green Line,2024-04-04 05:00:00,5,3,0,0,0,29.3,0.0,Clear,0,,0,0,0.0,0.0,low,1,Night
GR19,Shivaji Park,Green Line,2024-04-04 06:00:00,6,3,0,33,4,32.3,0.0,Clear,0,,33,0,8.2,0.259,low,2,Night
GR19,Shivaji Park,Green Line,2024-04-04 07:00:00,7,3,0,119,6,33.7,0.0,Cloudy,0,,152,0,19.8,0.627,medium,4,Night
GR19,Shivaji Park,Green Line,2024-04-04 08:00:00,8,3,0,387,14,37.4,0.0,Clear,0,,539,1,27.6,0.873,high,5,Morning Peak
GR19,Shivaji Park,Green Line,2024-04-04 09:00:00,9,3,0,419,14,37.5,0.0,Clear,0,,925,1,29.9,0.946,high,5,Morning Peak
GR19,Shivaji Park,Green Line,2024-04-04 10:00:00,10,3,0,272,14,38.1,0.0,Clear,0,,1078,1,19.4,0.614,medium,4,Morning Peak
GR19,Shivaji Park,Green Line,2024-04-04 11:00:00,11,3,0,208,7,39.1,0.0,Clear,0,,899,0,29.7,0.94,high,5,Mid Morning
GR19,Shivaji Park,Green Line,2024-04-04 12:00:00,12,3,0,186,7,35.1,0.0,Clear,0,,666,0,26.6,0.842,high,5,Mid Morning
GR19,Shivaji Park,Green Line,2024-04-04 13:00:00,13,3,0,172,7,32.7,0.0,Clear,0,,566,0,24.6,0.778,high,5,Mid Morning
GR19,Shivaji Park,Green Line,2024-04-04 14:00:00,14,3,0,175,7,32.3,0.0,Clear,0,,533,0,25.0,0.791,high,5,Afternoon
GR19,Shivaji Park,Green Line,2024-04-04 15:00:00,15,3,0,186,7,29.3,0.0,Clear,0,,533,0,26.6,0.842,high,5,Afternoon
GR19,Shivaji Park,Green Line,2024-04-04 16:00:00,16,3,0,204,7,27.7,0.0,Cloudy,0,,565,0,29.1,0.921,high,5,Afternoon
GR19,Shivaji Park,Green Line,2024-04-04 17:00:00,17,3,0,369,13,28.8,0.0,Clear,0,,759,1,28.4,0.899,high,5,Evening Peak
GR19,Shivaji Park,Green Line,2024-04-04 18:00:00,18,3,0,400,13,27.5,0.0,Clear,0,,973,1,30.8,0.975,high,5,Evening Peak
GR19,Shivaji Park,Green Line,2024-04-04 19:00:00,19,3,0,354,13,26.1,0.0,Clear,0,,1123,1,27.2,0.861,high,5,Evening Peak
GR19,Shivaji Park,Green Line,2024-04-04 20:00:00,20,3,0,275,13,27.9,0.0,Cloudy,0,,1029,1,21.2,0.671,high,4,Evening Peak
GR19,Shivaji Park,Green Line,2024-04-04 21:00:00,21,3,0,125,5,25.1,0.0,Cloudy,0,,754,0,25.0,0.791,high,5,Night
GR19,Shivaji Park,Green Line,2024-04-04 22:00:00,22,3,0,48,5,25.8,0.0,Cloudy,0,,448,0,9.6,0.304,low,2,Night
GR19,Shivaji Park,Green Line,2024-04-04 23:00:00,23,3,0,16,0,26.2,0.0,Cloudy,0,,189,0,0.0,0.0,low,1,Night
GR19,Shivaji Park,Green Line,2024-04-05 00:00:00,0,4,0,0,0,28.9,0.0,Clear,0,,64,0,0.0,0.0,low,1,Night
GR19,Shivaji Park,Green Line,2024-04-05 01:00:00,1,4,0,0,0,29.5,0.0,Clear,0,,16,0,0.0,0.0,low,1,Night
GR19,Shivaji Park,Green Line,2024-04-05 02:00:00,2,4,0,0,0,31.4,0.0,Clear,0,,0,0,0.0,0.0,low,1,Night
GR19,Shivaji Park,Green Line,2024-04-05 03:00:00,3,4,0,0,0,30.8,0.0,Clear,0,,0,0,0.0,0.0,low,1,Night
GR19,Shivaji Park,Green Line,2024-04-05 04:00:00,4,4,0,0,0,30.5,0.0,Clear,0,,0,0,0.0,0.0,low,1,Night
GR19,Shivaji Park,Green Line,2024-04-05 05:00:00,5,4,0,0,0,28.4,0.0,Clear,0,,0,0,0.0,0.0,low,1,Night
GR19,Shivaji Park,Green Line,2024-04-05 06:00:00,6,4,0,30,4,31.4,0.0,Clear,0,,30,0,7.5,0.237,low,2,Night
GR19,Shivaji Park,Green Line,2024-04-05 07:00:00,7,4,0,124,6,33.4,0.0,Clear,0,,154,0,20.7,0.655,high,4,Night
GR19,Shivaji Park,Green Line,2024-04-05 08:00:00,8,4,0,375,14,35.7,0.0,Clear,0,,529,1,26.8,0.848,high,5,Morning Peak
GR19,Shivaji Park,Green Line,2024-04-05 09:00:00,9,4,0,415,14,36.8,0.0,Clear,0,,914,1,29.6,0.937,high,5,Morning Peak
GR19,Shivaji Park,Green Line,2024-04-05 10:00:00,10,4,0,278,14,36.7,0.0,Clear,0,,1068,1,19.9,0.63,medium,4,Morning Peak
GR19,Shivaji Park,Green Line,2024-04-05 11:00:00,11,4,0,208,7,37.9,0.0,Clear,0,,901,0,29.7,0.94,high,5,Mid Morning
GR19,Shivaji Park,Green Line,2024-04-05 12:00:00,12,4,0,185,7,37.2,0.0,Clear,0,,671,0,26.4,0.835,high,5,Mid Morning
GR19,Shivaji Park,Green Line,2024-04-05 13:00:00,13,4,0,183,7,33.2,0.0,Cloudy,0,,576,0,26.1,0.826,high,5,Mid Morning
GR19,Shivaji Park,Green Line,2024-04-05 14:00:00,14,4,0,171,7,32.3,0.0,Clear,0,,539,0,24.4,0.772,high,5,Afternoon
GR19,Shivaji Park,Green Line,2024-04-05 15:00:00,15,4,0,172,7,28.4,0.0,Clear,0,,526,0,24.6,0.778,high,5,Afternoon
GR19,Shivaji Park,Green Line,2024-04-05 16:00:00,16,4,0,221,7,29.3,0.0,Clear,0,,564,0,31.6,1.0,high,5,Afternoon
GR19,Shivaji Park,Green Line,2024-04-05 17:00:00,17,4,0,325,13,29.5,0.0,Clear,0,,718,1,25.0,0.791,high,5,Evening Peak
GR19,Shivaji Park,Green Line,2024-04-05 18:00:00,18,4,0,431,13,29.4,0.0,Clear,0,,977,1,33.2,1.0,high,5,Evening Peak
GR19,Shivaji Park,Green Line,2024-04-05 19:00:00,19,4,0,352,13,27.2,0.0,Clear,0,,1108,1,27.1,0.858,high,5,Evening Peak
GR19,Shivaji Park,Green Line,2024-04-05 20:00:00,20,4,0,272,13,28.4,0.0,Clear,0,,1055,1,20.9,0.661,high,4,Evening Peak
GR19,Shivaji Park,Green Line,2024-04-05 21:00:00,21,4,0,124,5,26.8,0.0,Clear,0,,748,0,24.8,0.785,high,5,Night
GR19,Shivaji Park,Green Line,2024-04-05 22:00:00,22,4,0,56,5,26.9,0.0,Clear,0,,452,0,11.2,0.354,medium,3,Night
GR19,Shivaji Park,Green Line,2024-04-05 23:00:00,23,4,0,16,0,26.5,0.0,Clear,0,,196,0,0.0,0.0,low,1,Night
GR19,Shivaji Park,Green Line,2024-04-06 00:00:00,0,5,1,0,0,28.5,0.0,Clear,0,,72,0,0.0,0.0,low,1,Night
GR19,Shivaji Park,Green Line,2024-04-06 01:00:00,1,5,1,0,0,31.1,0.0,Cloudy,0,,16,0,0.0,0.0,low,1,Night
GR19,Shivaji Park,Green Line,2024-04-06 02:00:00,2,5,1,0,0,32.0,0.0,Clear,0,,0,0,0.0,0.0,low,1,Night
GR19,Shivaji Park,Green Line,2024-04-06 03:00:00,3,5,1,0,0,30.3,0.0,Clear,0,,0,0,0.0,0.0,low,1,Night
GR19,Shivaji Park,Green Line,2024-04-06 04:00:00,4,5,1,0,0,31.7,0.0,Clear,0,,0,0,0.0,0.0,low,1,Night
GR19,Shivaji Park,Green Line,2024-04-06 05:00:00,5,5,1,0,0,30.9,0.0,Clear,0,,0,0,0.0,0.0,low,1,Night
GR19,Shivaji Park,Green Line,2024-04-06 06:00:00,6,5,1,24,4,34.5,0.0,Clear,0,,24,0,6.0,0.19,low,2,Night
GR19,Shivaji Park,Green Line,2024-04-06 07:00:00,7,5,1,92,6,33.7,0.0,Clear,0,,116,0,15.3,0.484,medium,3,Night
GR19,Shivaji Park,Green Line,2024-04-06 08:00:00,8,5,1,282,14,37.2,0.0,Clear,0,,398,1,20.1,0.636,medium,4,Morning Peak
GR19,Shivaji Park,Green Line,2024-04-06 09:00:00,9,5,1,320,14,36.3,0.0,Clear,0,,694,1,22.9,0.725,high,4,Morning Peak
GR19,Shivaji Park,Green Line,2024-04-06 10:00:00,10,5,1,193,14,37.5,0.0,Clear,0,,795,1,13.8,0.437,medium,3,Morning Peak
GR19,Shivaji Park,Green Line,2024-04-06 11:00:00,11,5,1,139,7,37.6,0.0,Clear,0,,652,0,19.9,0.63,medium,4,Mid Morning
GR19,Shivaji Park,Green Line,2024-04-06 12:00:00,12,5,1,152,7,37.1,0.0,Clear,0,,484,0,21.7,0.687,high,4,Mid Morning
GR19,Shivaji Park,Green Line,2024-04-06 13:00:00,13,5,1,120,7,35.3,0.0,Clear,0,,411,0,17.1,0.541,medium,3,Mid Morning
GR19,Shivaji Park,Green Line,2024-04-06 14:00:00,14,5,1,123,7,31.2,0.0,Clear,0,,395,0,17.6,0.557,medium,4,Afternoon
GR19,Shivaji Park,Green Line,2024-04-06 15:00:00,15,5,1,138,7,29.7,0.0,Dusty,0,,381,0,19.7,0.623,medium,4,Afternoon
GR19,Shivaji Park,Green Line,2024-04-06 16:00:00,16,5,1,156,7,28.9,0.0,Clear,0,,417,0,22.3,0.706,high,4,Afternoon
GR19,Shivaji Park,Green Line,2024-04-06 17:00:00,17,5,1,260,13,28.0,0.0,Cloudy,0,,554,1,20.0,0.633,medium,4,Evening Peak
GR19,Shivaji Park,Green Line,2024-04-06 18:00:00,18,5,1,305,13,29.5,0.0,Clear,0,,721,1,23.5,0.744,high,4,Evening Peak
GR19,Shivaji Park,Green Line,2024-04-06 19:00:00,19,5,1,258,13,26.3,0.0,Clear,0,,823,1,19.8,0.627,medium,4,Evening Peak
GR19,Shivaji Park,Green Line,2024-04-06 20:00:00,20,5,1,202,13,27.2,0.0,Clear,0,,765,1,15.5,0.491,medium,3,Evening Peak
GR19,Shivaji Park,Green Line,2024-04-06 21:00:00,21,5,1,91,5,27.5,0.0,Clear,0,,551,0,18.2,0.576,medium,4,Night
GR19,Shivaji Park,Green Line,2024-04-06 22:00:00,22,5,1,39,5,25.4,0.0,Clear,0,,332,0,7.8,0.247,low,2,Night
GR19,Shivaji Park,Green Line,2024-04-06 23:00:00,23,5,1,11,0,26.1,0.0,Clear,0,,141,0,0.0,0.0,low,1,Night
GR19,Shivaji Park,Green Line,2024-04-07 00:00:00,0,6,1,0,0,29.9,0.0,Clear,0,,50,0,0.0,0.0,low,1,Night
GR19,Shivaji Park,Green Line,2024-04-07 01:00:00,1,6,1,0,0,30.0,0.0,Clear,0,,11,0,0.0,0.0,low,1,Night
GR19,Shivaji Park,Green Line,2024-04-07 02:00:00,2,6,1,0,0,29.2,0.0,Clear,0,,0,0,0.0,0.0,low,1,Night
GR19,Shivaji Park,Green Line,2024-04-07 03:00:00,3,6,1,0,0,30.7,0.0,Clear,0,,0,0,0.0,0.0,low,1,Night
GR19,Shivaji Park,Green Line,2024-04-07 04:00:00,4,6,1,0,0,30.9,0.0,Clear,0,,0,0,0.0,0.0,low,1,Night
GR19,Shivaji Park,Green Line,2024-04-07 05:00:00,5,6,1,0,0,30.4,0.0,Clear,0,,0,0,0.0,0.0,low,1,Night
GR19,Shivaji Park,Green Line,2024-04-07 06:00:00,6,6,1,23,4,33.6,0.0,Clear,0,,23,0,5.8,0.184,low,2,Night
GR19,Shivaji Park,Green Line,2024-04-07 07:00:00,7,6,1,82,6,35.5,0.0,Clear,0,,105,0,13.7,0.434,medium,3,Night
GR19,Shivaji Park,Green Line,2024-04-07 08:00:00,8,6,1,250,14,36.0,0.0,Clear,0,,355,1,17.9,0.566,medium,4,Morning Peak
GR19,Shivaji Park,Green Line,2024-04-07 09:00:00,9,6,1,326,14,38.2,0.0,Clear,0,,658,1,23.3,0.737,high,4,Morning Peak
GR19,Shivaji Park,Green Line,2024-04-07 10:00:00,10,6,1,220,14,38.9,0.0,Clear,0,,796,1,15.7,0.497,medium,3,Morning Peak
GR19,Shivaji Park,Green Line,2024-04-07 11:00:00,11,6,1,155,7,39.2,0.0,Clear,0,,701,0,22.1,0.699,high,4,Mid Morning
GR19,Shivaji Park,Green Line,2024-04-07 12:00:00,12,6,1,153,7,37.1,0.0,Clear,0,,528,0,21.9,0.693,high,4,Mid Morning
GR19,Shivaji Park,Green Line,2024-04-07 13:00:00,13,6,1,135,7,34.5,0.0,Clear,0,,443,0,19.3,0.611,medium,4,Mid Morning
GR19,Shivaji Park,Green Line,2024-04-07 14:00:00,14,6,1,126,7,33.2,0.0,Clear,0,,414,0,18.0,0.57,medium,4,Afternoon
GR19,Shivaji Park,Green Line,2024-04-07 15:00:00,15,6,1,125,7,30.6,0.0,Clear,0,,386,0,17.9,0.566,medium,4,Afternoon
GR19,Shivaji Park,Green Line,2024-04-07 16:00:00,16,6,1,168,7,30.1,0.0,Clear,0,,419,0,24.0,0.759,high,5,Afternoon
GR19,Shivaji Park,Green Line,2024-04-07 17:00:00,17,6,1,253,13,28.2,0.0,Clear,0,,546,1,19.5,0.617,medium,4,Evening Peak
GR19,Shivaji Park,Green Line,2024-04-07 18:00:00,18,6,1,285,13,29.1,0.0,Clear,0,,706,1,21.9,0.693,high,4,Evening Peak
GR19,Shivaji Park,Green Line,2024-04-07 19:00:00,19,6,1,248,13,28.1,0.0,Clear,0,,786,1,19.1,0.604,medium,4,Evening Peak
GR19,Shivaji Park,Green Line,2024-04-07 20:00:00,20,6,1,195,13,27.1,0.0,Clear,0,,728,1,15.0,0.475,medium,3,Evening Peak
GR19,Shivaji Park,Green Line,2024-04-07 21:00:00,21,6,1,84,5,27.7,0.0,Clear,0,,527,0,16.8,0.532,medium,3,Night
GR19,Shivaji Park,Green Line,2024-04-07 22:00:00,22,6,1,35,5,27.2,0.0,Clear,0,,314,0,7.0,0.222,low,2,Night
GR19,Shivaji Park,Green Line,2024-04-07 23:00:00,23,6,1,12,0,29.1,0.0,Clear,0,,131,0,0.0,0.0,low,1,Night
GR19,Shivaji Park,Green Line,2024-04-08 00:00:00,0,0,0,0,0,29.2,0.0,Clear,0,,47,0,0.0,0.0,low,1,Night
GR19,Shivaji Park,Green Line,2024-04-08 01:00:00,1,0,0,0,0,31.0,0.0,Clear,0,,12,0,0.0,0.0,low,1,Night
GR19,Shivaji Park,Green Line,2024-04-08 02:00:00,2,0,0,0,0,30.9,0.0,Clear,0,,0,0,0.0,0.0,low,1,Night
GR19,Shivaji Park,Green Line,2024-04-08 03:00:00,3,0,0,0,0,30.1,0.0,Clear,0,,0,0,0.0,0.0,low,1,Night
GR19,Shivaji Park,Green Line,2024-04-08 04:00:00,4,0,0,0,0,31.7,0.0,Clear,0,,0,0,0.0,0.0,low,1,Night
GR19,Shivaji Park,Green Line,2024-04-08 05:00:00,5,0,0,0,0,30.1,0.0,Clear,0,,0,0,0.0,0.0,low,1,Night
GR19,Shivaji Park,Green Line,2024-04-08 06:00:00,6,0,0,31,4,34.8,0.0,Clear,0,,31,0,7.8,0.247,low,2,Night
GR19,Shivaji Park,Green Line,2024-04-08 07:00:00,7,0,0,115,6,34.5,0.0,Clear,0,,146,0,19.2,0.608,medium,4,Night
GR19,Shivaji Park,Green Line,2024-04-08 08:00:00,8,0,0,386,14,37.2,0.0,Clear,0,,532,1,27.6,0.873,high,5,Morning Peak
GR19,Shivaji Park,Green Line,2024-04-08 09:00:00,9,0,0,455,14,38.1,0.0,Clear,0,,956,1,32.5,1.0,high,5,Morning Peak
GR19,Shivaji Park,Green Line,2024-04-08 10:00:00,10,0,0,298,14,39.8,0.0,Clear,0,,1139,1,21.3,0.674,high,4,Morning Peak
GR19,Shivaji Park,Green Line,2024-04-08 11:00:00,11,0,0,191,7,37.9,0.0,Clear,0,,944,0,27.3,0.864,high,5,Mid Morning
GR19,Shivaji Park,Green Line,2024-04-08 12:00:00,12,0,0,215,7,35.4,0.0,Clear,0,,704,0,30.7,0.972,high,5,Mid Morning
GR19,Shivaji Park,Green Line,2024-04-08 13:00:00,13,0,0,178,7,33.4,0.0,Clear,0,,584,0,25.4,0.804,high,5,Mid Morning
GR19,Shivaji Park,Green Line,2024-04-08 14:00:00,14,0,0,156,7,32.0,0.0,Dusty,0,,549,0,22.3,0.706,high,4,Afternoon
GR19,Shivaji Park,Green Line,2024-04-08 15:00:00,15,0,0,184,7,31.0,0.0,Clear,0,,518,0,26.3,0.832,high,5,Afternoon
GR19,Shivaji Park,Green Line,2024-04-08 16:00:00,16,0,0,233,7,28.6,0.0,Clear,0,,573,0,33.3,1.0,high,5,Afternoon
GR19,Shivaji Park,Green Line,2024-04-08 17:00:00,17,0,0,362,13,28.6,0.0,Clear,0,,779,1,27.8,0.88,high,5,Evening Peak
GR19,Shivaji Park,Green Line,2024-04-08 18:00:00,18,0,0,391,13,27.9,0.0,Clear,0,,986,1,30.1,0.953,high,5,Evening Peak
GR19,Shivaji Park,Green Line,2024-04-08 19:00:00,19,0,0,389,13,26.7,0.0,Clear,0,,1142,1,29.9,0.946,high,5,Evening Peak
GR19,Shivaji Park,Green Line,2024-04-08 20:00:00,20,0,0,266,13,29.2,0.0,Clear,0,,1046,1,20.5,0.649,medium,4,Evening Peak
GR19,Shivaji Park,Green Line,2024-04-08 21:00:00,21,0,0,124,5,28.0,0.0,Clear,0,,779,0,24.8,0.785,high,5,Night
GR19,Shivaji Park,Green Line,2024-04-08 22:00:00,22,0,0,52,5,27.8,0.0,Clear,0,,442,0,10.4,0.329,low,2,Night
GR19,Shivaji Park,Green Line,2024-04-08 23:00:00,23,0,0,15,0,27.5,0.0,Clear,0,,191,0,0.0,0.0,low,1,Night
GR19,Shivaji Park,Green Line,2024-04-09 00:00:00,0,1,0,0,0,29.8,0.0,Clear,1,Ram Navami,67,0,0.0,0.0,low,1,Night
GR19,Shivaji Park,Green Line,2024-04-09 01:00:00,1,1,0,0,0,29.5,0.0,Clear,1,Ram Navami,15,0,0.0,0.0,low,1,Night
GR19,Shivaji Park,Green Line,2024-04-09 02:00:00,2,1,0,0,0,31.5,0.0,Clear,1,Ram Navami,0,0,0.0,0.0,low,1,Night
GR19,Shivaji Park,Green Line,2024-04-09 03:00:00,3,1,0,0,0,30.4,0.0,Clear,1,Ram Navami,0,0,0.0,0.0,low,1,Night
GR19,Shivaji Park,Green Line,2024-04-09 04:00:00,4,1,0,0,0,32.0,0.0,Clear,1,Ram Navami,0,0,0.0,0.0,low,1,Night
GR19,Shivaji Park,Green Line,2024-04-09 05:00:00,5,1,0,0,0,30.5,0.0,Clear,1,Ram Navami,0,0,0.0,0.0,low,1,Night
GR19,Shivaji Park,Green Line,2024-04-09 06:00:00,6,1,0,42,4,33.4,0.0,Clear,1,Ram Navami,42,0,10.5,0.332,low,2,Night
GR19,Shivaji Park,Green Line,2024-04-09 07:00:00,7,1,0,154,6,35.1,0.0,Clear,1,Ram Navami,196,0,25.7,0.813,high,5,Night
GR19,Shivaji Park,Green Line,2024-04-09 08:00:00,8,1,0,462,14,37.7,0.0,Clear,1,Ram Navami,658,1,33.0,1.0,high,5,Morning Peak
GR19,Shivaji Park,Green Line,2024-04-09 09:00:00,9,1,0,534,14,37.9,0.0,Clear,1,Ram Navami,1150,1,38.1,1.0,high,5,Morning Peak
GR19,Shivaji Park,Green Line,2024-04-09 10:00:00,10,1,0,407,14,38.5,0.0,Cloudy,1,Ram Navami,1403,1,29.1,0.921,high,5,Morning Peak
GR19,Shivaji Park,Green Line,2024-04-09 11:00:00,11,1,0,267,7,38.8,0.0,Clear,1,Ram Navami,1208,0,38.1,1.0,high,5,Mid Morning
GR19,Shivaji Park,Green Line,2024-04-09 12:00:00,12,1,0,252,7,38.0,0.0,Clear,1,Ram Navami,926,0,36.0,1.0,high,5,Mid Morning
GR19,Shivaji Park,Green Line,2024-04-09 13:00:00,13,1,0,219,7,35.0,0.0,Clear,1,Ram Navami,738,0,31.3,0.991,high,5,Mid Morning
GR19,Shivaji Park,Green Line,2024-04-09 14:00:00,14,1,0,222,7,32.8,0.0,Clear,1,Ram Navami,693,0,31.7,1.0,high,5,Afternoon
GR19,Shivaji Park,Green Line,2024-04-09 15:00:00,15,1,0,232,7,30.5,0.0,Dusty,1,Ram Navami,673,0,33.1,1.0,high,5,Afternoon
GR19,Shivaji Park,Green Line,2024-04-09 16:00:00,16,1,0,303,7,31.0,0.0,Clear,1,Ram Navami,757,0,43.3,1.0,high,5,Afternoon
GR19,Shivaji Park,Green Line,2024-04-09 17:00:00,17,1,0,423,13,29.0,0.0,Cloudy,1,Ram Navami,958,1,32.5,1.0,high,5,Evening Peak
GR19,Shivaji Park,Green Line,2024-04-09 18:00:00,18,1,0,506,13,30.5,0.0,Clear,1,Ram Navami,1232,1,38.9,1.0,high,5,Evening Peak
GR19,Shivaji Park,Green Line,2024-04-09 19:00:00,19,1,0,462,13,27.9,0.0,Clear,1,Ram Navami,1391,1,35.5,1.0,high,5,Evening Peak
GR19,Shivaji Park,Green Line,2024-04-09 20:00:00,20,1,0,384,13,28.4,0.0,Clear,1,Ram Navami,1352,1,29.5,0.934,high,5,Evening Peak
GR19,Shivaji Park,Green Line,2024-04-09 21:00:00,21,1,0,163,5,28.9,0.0,Clear,1,Ram Navami,1009,0,32.6,1.0,high,5,Night
GR19,Shivaji Park,Green Line,2024-04-09 22:00:00,22,1,0,67,5,26.6,0.0,Clear,1,Ram Navami,614,0,13.4,0.424,medium,3,Night
GR19,Shivaji Park,Green Line,2024-04-09 23:00:00,23,1,0,21,0,26.5,0.0,Cloudy,1,Ram Navami,251,0,0.0,0.0,low,1,Night
GR19,Shivaji Park,Green Line,2024-04-10 00:00:00,0,2,0,0,0,31.4,0.0,Clear,0,,88,0,0.0,0.0,low,1,Night
GR19,Shivaji Park,Green Line,2024-04-10 01:00:00,1,2,0,0,0,30.5,0.0,Clear,0,,21,0,0.0,0.0,low,1,Night
GR19,Shivaji Park,Green Line,2024-04-10 02:00:00,2,2,0,0,0,32.1,0.0,Clear,0,,0,0,0.0,0.0,low,1,Night
GR19,Shivaji Park,Green Line,2024-04-10 03:00:00,3,2,0,0,0,32.3,0.0,Clear,0,,0,0,0.0,0.0,low,1,Night
GR19,Shivaji Park,Green Line,2024-04-10 04:00:00,4,2,0,0,0,32.5,0.0,Clear,0,,0,0,0.0,0.0,low,1,Night
GR19,Shivaji Park,Green Line,2024-04-10 05:00:00,5,2,0,0,0,32.1,0.0,Clear,0,,0,0,0.0,0.0,low,1,Night
GR19,Shivaji Park,Green Line,2024-04-10 06:00:00,6,2,0,33,4,32.6,0.0,Clear,0,,33,0,8.2,0.259,low,2,Night
GR19,Shivaji Park,Green Line,2024-04-10 07:00:00,7,2,0,119,6,34.0,0.0,Clear,0,,152,0,19.8,0.627,medium,4,Night
GR19,Shivaji Park,Green Line,2024-04-10 08:00:00,8,2,0,367,14,35.7,0.0,Clear,0,,519,1,26.2,0.829,high,5,Morning Peak
GR19,Shivaji Park,Green Line,2024-04-10 09:00:00,9,2,0,435,14,38.3,0.0,Clear,0,,921,1,31.1,0.984,high,5,Morning Peak
GR19,Shivaji Park,Green Line,2024-04-10 10:00:00,10,2,0,281,14,38.2,0.0,Cloudy,0,,1083,1,20.1,0.636,medium,4,Morning Peak
GR19,Shivaji Park,Green Line,2024-04-10 11:00:00,11,2,0,211,7,38.3,0.0,Clear,0,,927,0,30.1,0.953,high,5,Mid Morning
GR19,Shivaji Park,Green Line,2024-04-10 12:00:00,12,2,0,197,7,37.6,0.4,Light Rain,0,,689,0,28.1,0.889,high,5,Mid Morning
GR19,Shivaji Park,Green Line,2024-04-10 13:00:00,13,2,0,185,7,35.1,0.2,Light Rain,0,,593,0,26.4,0.835,high,5,Mid Morning
GR19,Shivaji Park,Green Line,2024-04-10 14:00:00,14,2,0,150,7,31.8,0.4,Light Rain,0,,532,0,21.4,0.677,high,4,Afternoon
GR19,Shivaji Park,Green Line,2024-04-10 15:00:00,15,2,0,170,7,30.1,0.2,Light Rain,0,,505,0,24.3,0.769,high,5,Afternoon
GR19,Shivaji Park,Green Line,2024-04-10 16:00:00,16,2,0,228,7,30.1,0.2,Light Rain,0,,548,0,32.6,1.0,high,5,Afternoon
GR19,Shivaji Park,Green Line,2024-04-10 17:00:00,17,2,0,340,13,29.4,0.3,Light Rain,0,,738,1,26.2,0.829,high,5,Evening Peak
GR19,Shivaji Park,Green Line,2024-04-10 18:00:00,18,2,0,395,13,28.2,0.2,Light Rain,0,,963,1,30.4,0.962,high,5,Evening Peak
GR19,Shivaji Park,Green Line,2024-04-10 19:00:00,19,2,0,359,13,27.9,0.2,Light Rain,0,,1094,1,27.6,0.873,high,5,Evening Peak
GR19,Shivaji Park,Green Line,2024-04-10 20:00:00,20,2,0,263,13,27.7,0.3,Light Rain,0,,1017,1,20.2,0.639,medium,4,Evening Peak
GR19,Shivaji Park,Green Line,2024-04-10 21:00:00,21,2,0,111,5,28.6,0.0,Clear,0,,733,0,22.2,0.703,high,4,Night
GR19,Shivaji Park,Green Line,2024-04-10 22:00:00,22,2,0,56,5,26.1,0.0,Clear,0,,430,0,11.2,0.354,medium,3,Night
GR19,Shivaji Park,Green Line,2024-04-10 23:00:00,23,2,0,17,0,27.4,0.0,Clear,0,,184,0,0.0,0.0,low,1,Night
GR19,Shivaji Park,Green Line,2024-04-11 00:00:00,0,3,0,0,0,30.2,0.0,Clear,1,Id-ul-Fitr,73,0,0.0,0.0,low,1,Night
GR19,Shivaji Park,Green Line,2024-04-11 01:00:00,1,3,0,0,0,31.4,0.0,Clear,1,Id-ul-Fitr,17,0,0.0,0.0,low,1,Night
GR19,Shivaji Park,Green Line,2024-04-11 02:00:00,2,3,0,0,0,31.7,0.0,Cloudy,1,Id-ul-Fitr,0,0,0.0,0.0,low,1,Night
GR19,Shivaji Park,Green Line,2024-04-11 03:00:00,3,3,0,0,0,33.1,0.0,Clear,1,Id-ul-Fitr,0,0,0.0,0.0,low,1,Night
GR19,Shivaji Park,Green Line,2024-04-11 04:00:00,4,3,0,0,0,33.1,0.0,Clear,1,Id-ul-Fitr,0,0,0.0,0.0,low,1,Night
GR19,Shivaji Park,Green Line,2024-04-11 05:00:00,5,3,0,0,0,31.1,0.0,Cloudy,1,Id-ul-Fitr,0,0,0.0,0.0,low,1,Night
GR19,Shivaji Park,Green Line,2024-04-11 06:00:00,6,3,0,46,4,34.0,0.0,Clear,1,Id-ul-Fitr,46,0,11.5,0.364,medium,3,Night
GR19,Shivaji Park,Green Line,2024-04-11 07:00:00,7,3,0,182,6,35.4,0.0,Clear,1,Id-ul-Fitr,228,0,30.3,0.959,high,5,Night
GR19,Shivaji Park,Green Line,2024-04-11 08:00:00,8,3,0,526,14,38.5,0.0,Clear,1,Id-ul-Fitr,754,1,37.6,1.0,high,5,Morning Peak
GR19,Shivaji Park,Green Line,2024-04-11 09:00:00,9,3,0,618,14,38.4,0.0,Clear,1,Id-ul-Fitr,1326,1,44.1,1.0,high,5,Morning Peak
GR19,Shivaji Park,Green Line,2024-04-11 10:00:00,10,3,0,437,14,39.2,0.0,Clear,1,Id-ul-Fitr,1581,1,31.2,0.987,high,5,Morning Peak
GR19,Shivaji Park,Green Line,2024-04-11 11:00:00,11,3,0,310,7,38.6,0.0,Clear,1,Id-ul-Fitr,1365,0,44.3,1.0,high,5,Mid Morning
GR19,Shivaji Park,Green Line,2024-04-11 12:00:00,12,3,0,283,7,36.4,0.0,Clear,1,Id-ul-Fitr,1030,0,40.4,1.0,high,5,Mid Morning
GR19,Shivaji Park,Green Line,2024-04-11 13:00:00,13,3,0,265,7,35.5,0.0,Cloudy,1,Id-ul-Fitr,858,0,37.9,1.0,high,5,Mid Morning
GR19,Shivaji Park,Green Line,2024-04-11 14:00:00,14,3,0,244,7,32.5,0.0,Clear,1,Id-ul-Fitr,792,0,34.9,1.0,high,5,Afternoon
GR19,Shivaji Park,Green Line,2024-04-11 15:00:00,15,3,0,250,7,32.0,0.0,Clear,1,Id-ul-Fitr,759,0,35.7,1.0,high,5,Afternoon
GR19,Shivaji Park,Green Line,2024-04-11 16:00:00,16,3,0,336,7,30.6,0.0,Dusty,1,Id-ul-Fitr,830,0,48.0,1.0,high,5,Afternoon
GR19,Shivaji Park,Green Line,2024-04-11 17:00:00,17,3,0,537,13,30.2,0.0,Clear,1,Id-ul-Fitr,1123,1,41.3,1.0,high,5,Evening Peak
GR19,Shivaji Park,Green Line,2024-04-11 18:00:00,18,3,0,556,13,28.7,0.0,Clear,1,Id-ul-Fitr,1429,1,42.8,1.0,high,5,Evening Peak
GR19,Shivaji Park,Green Line,2024-04-11 19:00:00,19,3,0,554,13,30.0,0.0,Clear,1,Id-ul-Fitr,1647,1,42.6,1.0,high,5,Evening Peak
GR19,Shivaji Park,Green Line,2024-04-11 20:00:00,20,3,0,368,13,28.9,0.0,Clear,1,Id-ul-Fitr,1478,1,28.3,0.896,high,5,Evening Peak
GR19,Shivaji Park,Green Line,2024-04-11 21:00:00,21,3,0,166,5,27.6,0.0,Clear,1,Id-ul-Fitr,1088,0,33.2,1.0,high,5,Night
GR19,Shivaji Park,Green Line,2024-04-11 22:00:00,22,3,0,81,5,28.6,0.0,Clear,1,Id-ul-Fitr,615,0,16.2,0.513,medium,3,Night
GR19,Shivaji Park,Green Line,2024-04-11 23:00:00,23,3,0,25,0,29.2,0.0,Clear,1,Id-ul-Fitr,272,0,0.0,0.0,low,1,Night
GR19,Shivaji Park,Green Line,2024-04-12 00:00:00,0,4,0,0,0,30.2,0.0,Clear,0,,106,0,0.0,0.0,low,1,Night
GR19,Shivaji Park,Green Line,2024-04-12 01:00:00,1,4,0,0,0,31.7,0.0,Cloudy,0,,25,0,0.0,0.0,low,1,Night
GR19,Shivaji Park,Green Line,2024-04-12 02:00:00,2,4,0,0,0,32.0,0.0,Clear,0,,0,0,0.0,0.0,low,1,Night
GR19,Shivaji Park,Green Line,2024-04-12 03:00:00,3,4,0,0,0,31.8,0.0,Clear,0,,0,0,0.0,0.0,low,1,Night
GR19,Shivaji Park,Green Line,2024-04-12 04:00:00,4,4,0,0,0,32.9,0.0,Clear,0,,0,0,0.0,0.0,low,1,Night
GR19,Shivaji Park,Green Line,2024-04-12 05:00:00,5,4,0,0,0,30.8,0.0,Clear,0,,0,0,0.0,0.0,low,1,Night
GR19,Shivaji Park,Green Line,2024-04-12 06:00:00,6,4,0,32,4,33.1,0.0,Cloudy,0,,32,0,8.0,0.253,low,2,Night
GR19,Shivaji Park,Green Line,2024-04-12 07:00:00,7,4,0,115,6,36.1,0.0,Clear,0,,147,0,19.2,0.608,medium,4,Night
GR19,Shivaji Park,Green Line,2024-04-12 08:00:00,8,4,0,361,14,37.5,0.0,Clear,0,,508,1,25.8,0.816,high,5,Morning Peak
GR19,Shivaji Park,Green Line,2024-04-12 09:00:00,9,4,0,402,14,40.2,0.0,Hot,0,,878,1,28.7,0.908,high,5,Morning Peak
GR19,Shivaji Park,Green Line,2024-04-12 10:00:00,10,4,0,300,14,39.5,0.0,Clear,0,,1063,1,21.4,0.677,high,4,Morning Peak
GR19,Shivaji Park,Green Line,2024-04-12 11:00:00,11,4,0,214,7,38.9,0.0,Clear,0,,916,0,30.6,0.968,high,5,Mid Morning
GR19,Shivaji Park,Green Line,2024-04-12 12:00:00,12,4,0,203,7,39.1,0.0,Clear,0,,717,0,29.0,0.918,high,5,Mid Morning
GR19,Shivaji Park,Green Line,2024-04-12 13:00:00,13,4,0,185,7,36.5,0.0,Clear,0,,602,0,26.4,0.835,high,5,Mid Morning
GR19,Shivaji Park,Green Line,2024-04-12 14:00:00,14,4,0,173,7,32.2,0.0,Clear,0,,561,0,24.7,0.782,high,5,Afternoon
GR19,Shivaji Park,Green Line,2024-04-12 15:00:00,15,4,0,170,7,31.6,0.0,Clear,0,,528,0,24.3,0.769,high,5,Afternoon
GR19,Shivaji Park,Green Line,2024-04-12 16:00:00,16,4,0,222,7,28.9,0.0,Clear,0,,565,0,31.7,1.0,high,5,Afternoon
GR19,Shivaji Park,Green Line,2024-04-12 17:00:00,17,4,0,358,13,30.4,0.0,Clear,0,,750,1,27.5,0.87,high,5,Evening Peak
GR19,Shivaji Park,Green Line,2024-04-12 18:00:00,18,4,0,395,13,29.8,0.0,Clear,0,,975,1,30.4,0.962,high,5,Evening Peak
GR19,Shivaji Park,Green Line,2024-04-12 19:00:00,19,4,0,382,13,29.0,0.0,Clear,0,,1135,1,29.4,0.93,high,5,Evening Peak
GR19,Shivaji Park,Green Line,2024-04-12 20:00:00,20,4,0,257,13,28.8,0.0,Clear,0,,1034,1,19.8,0.627,medium,4,Evening Peak
GR19,Shivaji Park,Green Line,2024-04-12 21:00:00,21,4,0,118,5,28.6,0.0,Clear,0,,757,0,23.6,0.747,high,4,Night
GR19,Shivaji Park,Green Line,2024-04-12 22:00:00,22,4,0,53,5,28.4,0.0,Clear,0,,428,0,10.6,0.335,low,2,Night
GR19,Shivaji Park,Green Line,2024-04-12 23:00:00,23,4,0,17,0,27.3,0.0,Clear,0,,188,0,0.0,0.0,low,1,Night
GR19,Shivaji Park,Green Line,2024-04-13 00:00:00,0,5,1,0,0,31.7,0.0,Cloudy,0,,70,0,0.0,0.0,low,1,Night
GR19,Shivaji Park,Green Line,2024-04-13 01:00:00,1,5,1,0,0,31.1,0.0,Clear,0,,17,0,0.0,0.0,low,1,Night
GR19,Shivaji Park,Green Line,2024-04-13 02:00:00,2,5,1,0,0,32.4,0.0,Clear,0,,0,0,0.0,0.0,low,1,Night
GR19,Shivaji Park,Green Line,2024-04-13 03:00:00,3,5,1,0,0,31.4,0.0,Clear,0,,0,0,0.0,0.0,low,1,Night
GR19,Shivaji Park,Green Line,2024-04-13 04:00:00,4,5,1,0,0,32.8,0.0,Clear,0,,0,0,0.0,0.0,low,1,Night
GR19,Shivaji Park,Green Line,2024-04-13 05:00:00,5,5,1,0,0,31.8,0.0,Clear,0,,0,0,0.0,0.0,low,1,Night
GR19,Shivaji Park,Green Line,2024-04-13 06:00:00,6,5,1,21,4,33.9,0.0,Clear,0,,21,0,5.2,0.165,low,2,Night
GR19,Shivaji Park,Green Line,2024-04-13 07:00:00,7,5,1,85,6,37.4,0.0,Clear,0,,106,0,14.2,0.449,medium,3,Night
GR19,Shivaji Park,Green Line,2024-04-13 08:00:00,8,5,1,257,14,38.6,0.0,Clear,0,,363,1,18.4,0.582,medium,4,Morning Peak
GR19,Shivaji Park,Green Line,2024-04-13 09:00:00,9,5,1,305,14,36.7,0.0,Clear,0,,647,1,21.8,0.69,high,4,Morning Peak
GR19,Shivaji Park,Green Line,2024-04-13 10:00:00,10,5,1,219,14,39.7,0.0,Clear,0,,781,1,15.6,0.494,medium,3,Morning Peak
GR19,Shivaji Park,Green Line,2024-04-13 11:00:00,11,5,1,133,7,38.9,0.0,Clear,0,,657,0,19.0,0.601,medium,4,Mid Morning
GR19,Shivaji Park,Green Line,2024-04-13 12:00:00,12,5,1,138,7,38.4,0.0,Clear,0,,490,0,19.7,0.623,medium,4,Mid Morning
GR19,Shivaji Park,Green Line,2024-04-13 13:00:00,13,5,1,122,7,36.6,0.0,Clear,0,,393,0,17.4,0.551,medium,4,Mid Morning
GR19,Shivaji Park,Green Line,2024-04-13 14:00:00,14,5,1,120,7,32.2,0.0,Clear,0,,380,0,17.1,0.541,medium,3,Afternoon
GR19,Shivaji Park,Green Line,2024-04-13 15:00:00,15,5,1,127,7,31.5,0.0,Clear,0,,369,0,18.1,0.573,medium,4,Afternoon
GR19,Shivaji Park,Green Line,2024-04-13 16:00:00,16,5,1,161,7,30.8,0.0,Clear,0,,408,0,23.0,0.728,high,4,Afternoon
GR19,Shivaji Park,Green Line,2024-04-13 17:00:00,17,5,1,254,13,30.5,0.0,Clear,0,,542,1,19.5,0.617,medium,4,Evening Peak
GR19,Shivaji Park,Green Line,2024-04-13 18:00:00,18,5,1,299,13,30.3,0.0,Clear,0,,714,1,23.0,0.728,high,4,Evening Peak
GR19,Shivaji Park,Green Line,2024-04-13 19:00:00,19,5,1,255,13,29.1,0.0,Clear,0,,808,1,19.6,0.62,medium,4,Evening Peak
GR19,Shivaji Park,Green Line,2024-04-13 20:00:00,20,5,1,204,13,28.6,0.0,Clear,0,,758,1,15.7,0.497,medium,3,Evening Peak
GR19,Shivaji Park,Green Line,2024-04-13 21:00:00,21,5,1,91,5,29.4,0.0,Clear,0,,550,0,18.2,0.576,medium,4,Night
GR19,Shivaji Park,Green Line,2024-04-13 22:00:00,22,5,1,37,5,29.0,0.0,Clear,0,,332,0,7.4,0.234,low,2,Night
GR19,Shivaji Park,Green Line,2024-04-13 23:00:00,23,5,1,12,0,28.2,0.0,Clear,0,,140,0,0.0,0.0,low,1,Night
GR19,Shivaji Park,Green Line,2024-04-14 00:00:00,0,6,1,0,0,31.1,0.0,Clear,1,Ambedkar Jayanti Baisakhi,49,0,0.0,0.0,low,1,Night
GR19,Shivaji Park,Green Line,2024-04-14 01:00:00,1,6,1,0,0,32.8,0.0,Clear,1,Ambedkar Jayanti Baisakhi,12,0,0.0,0.0,low,1,Night
GR19,Shivaji Park,Green Line,2024-04-14 02:00:00,2,6,1,0,0,31.8,0.0,Clear,1,Ambedkar Jayanti Baisakhi,0,0,0.0,0.0,low,1,Night
GR19,Shivaji Park,Green Line,2024-04-14 03:00:00,3,6,1,0,0,34.5,0.0,Clear,1,Ambedkar Jayanti Baisakhi,0,0,0.0,0.0,low,1,Night
GR19,Shivaji Park,Green Line,2024-04-14 04:00:00,4,6,1,0,0,33.2,0.0,Clear,1,Ambedkar Jayanti Baisakhi,0,0,0.0,0.0,low,1,Night
GR19,Shivaji Park,Green Line,2024-04-14 05:00:00,5,6,1,0,0,32.9,0.0,Clear,1,Ambedkar Jayanti Baisakhi,0,0,0.0,0.0,low,1,Night
GR19,Shivaji Park,Green Line,2024-04-14 06:00:00,6,6,1,26,4,33.9,0.0,Clear,1,Ambedkar Jayanti Baisakhi,26,0,6.5,0.206,low,2,Night
GR19,Shivaji Park,Green Line,2024-04-14 07:00:00,7,6,1,102,6,36.8,0.0,Clear,1,Ambedkar Jayanti Baisakhi,128,0,17.0,0.538,medium,3,Night
GR19,Shivaji Park,Green Line,2024-04-14 08:00:00,8,6,1,313,14,37.8,0.0,Clear,1,Ambedkar Jayanti Baisakhi,441,1,22.4,0.709,high,4,Morning Peak
GR19,Shivaji Park,Green Line,2024-04-14 09:00:00,9,6,1,401,14,39.6,0.0,Clear,1,Ambedkar Jayanti Baisakhi,816,1,28.6,0.905,high,5,Morning Peak
GR19,Shivaji Park,Green Line,2024-04-14 10:00:00,10,6,1,245,14,40.2,0.0,Hot,1,Ambedkar Jayanti Baisakhi,959,1,17.5,0.554,medium,4,Morning Peak
GR19,Shivaji Park,Green Line,2024-04-14 11:00:00,11,6,1,162,7,38.4,0.0,Clear,1,Ambedkar Jayanti Baisakhi,808,0,23.1,0.731,high,4,Mid Morning
GR19,Shivaji Park,Green Line,2024-04-14 12:00:00,12,6,1,183,7,37.1,0.0,Clear,1,Ambedkar Jayanti Baisakhi,590,0,26.1,0.826,high,5,Mid Morning
GR19,Shivaji Park,Green Line,2024-04-14 13:00:00,13,6,1,164,7,36.4,0.0,Clear,1,Ambedkar Jayanti Baisakhi,509,0,23.4,0.741,high,4,Mid Morning
GR19,Shivaji Park,Green Line,2024-04-14 14:00:00,14,6,1,135,7,33.8,0.0,Cloudy,1,Ambedkar Jayanti Baisakhi,482,0,19.3,0.611,medium,4,Afternoon
GR19,Shivaji Park,Green Line,2024-04-14 15:00:00,15,6,1,166,7,30.3,0.0,Clear,1,Ambedkar Jayanti Baisakhi,465,0,23.7,0.75,high,5,Afternoon
GR19,Shivaji Park,Green Line,2024-04-14 16:00:00,16,6,1,197,7,30.8,0.0,Clear,1,Ambedkar Jayanti Baisakhi,498,0,28.1,0.889,high,5,Afternoon
GR19,Shivaji Park,Green Line,2024-04-14 17:00:00,17,6,1,294,13,32.4,0.0,Clear,1,Ambedkar Jayanti Baisakhi,657,1,22.6,0.715,high,4,Evening Peak
GR19,Shivaji Park,Green Line,2024-04-14 18:00:00,18,6,1,351,13,30.6,0.0,Clear,1,Ambedkar Jayanti Baisakhi,842,1,27.0,0.854,high,5,Evening Peak
GR19,Shivaji Park,Green Line,2024-04-14 19:00:00,19,6,1,324,13,28.1,0.0,Clear,1,Ambedkar Jayanti Baisakhi,969,1,24.9,0.788,high,5,Evening Peak
GR19,Shivaji Park,Green Line,2024-04-14 20:00:00,20,6,1,236,13,29.0,0.0,Clear,1,Ambedkar Jayanti Baisakhi,911,1,18.2,0.576,medium,4,Evening Peak
GR19,Shivaji Park,Green Line,2024-04-14 21:00:00,21,6,1,110,5,27.9,0.0,Clear,1,Ambedkar Jayanti Baisakhi,670,0,22.0,0.696,high,4,Night
GR19,Shivaji Park,Green Line,2024-04-14 22:00:00,22,6,1,46,5,29.6,0.0,Clear,1,Ambedkar Jayanti Baisakhi,392,0,9.2,0.291,low,2,Night
GR19,Shivaji Park,Green Line,2024-04-14 23:00:00,23,6,1,14,0,29.0,0.0,Clear,1,Ambedkar Jayanti Baisakhi,170,0,0.0,0.0,low,1,Night
GR19,Shivaji Park,Green Line,2024-04-15 00:00:00,0,0,0,0,0,31.9,0.0,Clear,0,,60,0,0.0,0.0,low,1,Night
GR19,Shivaji Park,Green Line,2024-04-15 01:00:00,1,0,0,0,0,31.9,0.0,Clear,0,,14,0,0.0,0.0,low,1,Night
GR19,Shivaji Park,Green Line,2024-04-15 02:00:00,2,0,0,0,0,33.7,0.0,Clear,0,,0,0,0.0,0.0,low,1,Night
GR19,Shivaji Park,Green Line,2024-04-15 03:00:00,3,0,0,0,0,33.9,0.0,Clear,0,,0,0,0.0,0.0,low,1,Night
GR19,Shivaji Park,Green Line,2024-04-15 04:00:00,4,0,0,0,0,33.1,0.0,Clear,0,,0,0,0.0,0.0,low,1,Night
GR19,Shivaji Park,Green Line,2024-04-15 05:00:00,5,0,0,0,0,33.2,0.0,Clear,0,,0,0,0.0,0.0,low,1,Night
GR19,Shivaji Park,Green Line,2024-04-15 06:00:00,6,0,0,33,4,33.8,0.0,Clear,0,,33,0,8.2,0.259,low,2,Night
GR19,Shivaji Park,Green Line,2024-04-15 07:00:00,7,0,0,118,6,38.3,0.0,Clear,0,,151,0,19.7,0.623,medium,4,Night
GR19,Shivaji Park,Green Line,2024-04-15 08:00:00,8,0,0,381,14,39.2,0.0,Cloudy,0,,532,1,27.2,0.861,high,5,Morning Peak
GR19,Shivaji Park,Green Line,2024-04-15 09:00:00,9,0,0,448,14,38.3,0.0,Clear,0,,947,1,32.0,1.0,high,5,Morning Peak
GR19,Shivaji Park,Green Line,2024-04-15 10:00:00,10,0,0,294,14,39.9,0.0,Clear,0,,1123,1,21.0,0.665,high,4,Morning Peak
GR19,Shivaji Park,Green Line,2024-04-15 11:00:00,11,0,0,213,7,39.4,0.0,Clear,0,,955,0,30.4,0.962,high,5,Mid Morning
GR19,Shivaji Park,Green Line,2024-04-15 12:00:00,12,0,0,202,7,37.5,0.0,Clear,0,,709,0,28.9,0.915,high,5,Mid Morning
GR19,Shivaji Park,Green Line,2024-04-15 13:00:00,13,0,0,191,7,36.7,0.0,Clear,0,,606,0,27.3,0.864,high,5,Mid Morning
GR19,Shivaji Park,Green Line,2024-04-15 14:00:00,14,0,0,170,7,36.0,0.0,Clear,0,,563,0,24.3,0.769,high,5,Afternoon
GR19,Shivaji Park,Green Line,2024-04-15 15:00:00,15,0,0,180,7,31.6,0.0,Clear,0,,541,0,25.7,0.813,high,5,Afternoon
GR19,Shivaji Park,Green Line,2024-04-15 16:00:00,16,0,0,216,7,31.6,0.0,Clear,0,,566,0,30.9,0.978,high,5,Afternoon
GR19,Shivaji Park,Green Line,2024-04-15 17:00:00,17,0,0,360,13,30.8,0.0,Clear,0,,756,1,27.7,0.877,high,5,Evening Peak
GR19,Shivaji Park,Green Line,2024-04-15 18:00:00,18,0,0,395,13,31.3,0.0,Clear,0,,971,1,30.4,0.962,high,5,Evening Peak
GR19,Shivaji Park,Green Line,2024-04-15 19:00:00,19,0,0,342,13,32.1,0.0,Clear,0,,1097,1,26.3,0.832,high,5,Evening Peak
GR19,Shivaji Park,Green Line,2024-04-15 20:00:00,20,0,0,268,13,29.1,0.0,Clear,0,,1005,1,20.6,0.652,high,4,Evening Peak
GR19,Shivaji Park,Green Line,2024-04-15 21:00:00,21,0,0,129,5,28.4,0.0,Clear,0,,739,0,25.8,0.816,high,5,Night
GR19,Shivaji Park,Green Line,2024-04-15 22:00:00,22,0,0,49,5,29.0,0.0,Clear,0,,446,0,9.8,0.31,low,2,Night
GR19,Shivaji Park,Green Line,2024-04-15 23:00:00,23,0,0,16,0,30.1,0.0,Cloudy,0,,194,0,0.0,0.0,low,1,Night
GR19,Shivaji Park,Green Line,2024-04-16 00:00:00,0,1,0,0,0,31.2,0.0,Clear,0,,65,0,0.0,0.0,low,1,Night
GR19,Shivaji Park,Green Line,2024-04-16 01:00:00,1,1,0,0,0,31.6,0.0,Cloudy,0,,16,0,0.0,0.0,low,1,Night
GR19,Shivaji Park,Green Line,2024-04-16 02:00:00,2,1,0,0,0,32.2,0.0,Cloudy,0,,0,0,0.0,0.0,low,1,Night
GR19,Shivaji Park,Green Line,2024-04-16 03:00:00,3,1,0,0,0,34.0,0.0,Clear,0,,0,0,0.0,0.0,low,1,Night
GR19,Shivaji Park,Green Line,2024-04-16 04:00:00,4,1,0,0,0,32.7,0.0,Clear,0,,0,0,0.0,0.0,low,1,Night
GR19,Shivaji Park,Green Line,2024-04-16 05:00:00,5,1,0,0,0,31.6,0.0,Clear,0,,0,0,0.0,0.0,low,1,Night
GR19,Shivaji Park,Green Line,2024-04-16 06:00:00,6,1,0,30,4,34.4,0.0,Clear,0,,30,0,7.5,0.237,low,2,Night
GR19,Shivaji Park,Green Line,2024-04-16 07:00:00,7,1,0,121,6,37.5,0.0,Clear,0,,151,0,20.2,0.639,medium,4,Night
GR19,Shivaji Park,Green Line,2024-04-16 08:00:00,8,1,0,376,14,38.2,0.0,Clear,0,,527,1,26.9,0.851,high,5,Morning Peak
GR19,Shivaji Park,Green Line,2024-04-16 09:00:00,9,1,0,402,14,38.9,0.0,Cloudy,0,,899,1,28.7,0.908,high,5,Morning Peak
GR19,Shivaji Park,Green Line,2024-04-16 10:00:00,10,1,0,269,14,40.6,0.0,Hot,0,,1047,1,19.2,0.608,medium,4,Morning Peak
GR19,Shivaji Park,Green Line,2024-04-16 11:00:00,11,1,0,214,7,41.1,0.0,Hot,0,,885,0,30.6,0.968,high,5,Mid Morning
GR19,Shivaji Park,Green Line,2024-04-16 12:00:00,12,1,0,201,7,38.7,0.0,Clear,0,,684,0,28.7,0.908,high,5,Mid Morning
GR19,Shivaji Park,Green Line,2024-04-16 13:00:00,13,1,0,182,7,35.3,0.0,Clear,0,,597,0,26.0,0.823,high,5,Mid Morning
GR19,Shivaji Park,Green Line,2024-04-16 14:00:00,14,1,0,164,7,33.2,0.0,Dusty,0,,547,0,23.4,0.741,high,4,Afternoon
GR19,Shivaji Park,Green Line,2024-04-16 15:00:00,15,1,0,176,7,32.8,0.0,Clear,0,,522,0,25.1,0.794,high,5,Afternoon
GR19,Shivaji Park,Green Line,2024-04-16 16:00:00,16,1,0,222,7,32.3,0.0,Clear,0,,562,0,31.7,1.0,high,5,Afternoon
GR19,Shivaji Park,Green Line,2024-04-16 17:00:00,17,1,0,354,13,31.3,0.0,Clear,0,,752,1,27.2,0.861,high,5,Evening Peak
GR19,Shivaji Park,Green Line,2024-04-16 18:00:00,18,1,0,402,13,31.4,0.0,Cloudy,0,,978,1,30.9,0.978,high,5,Evening Peak
GR19,Shivaji Park,Green Line,2024-04-16 19:00:00,19,1,0,387,13,30.3,0.0,Clear,0,,1143,1,29.8,0.943,high,5,Evening Peak
GR19,Shivaji Park,Green Line,2024-04-16 20:00:00,20,1,0,287,13,31.7,0.0,Clear,0,,1076,1,22.1,0.699,high,4,Evening Peak
GR19,Shivaji Park,Green Line,2024-04-16 21:00:00,21,1,0,129,5,29.5,0.0,Clear,0,,803,0,25.8,0.816,high,5,Night
GR19,Shivaji Park,Green Line,2024-04-16 22:00:00,22,1,0,55,5,29.4,0.0,Clear,0,,471,0,11.0,0.348,low,2,Night
GR19,Shivaji Park,Green Line,2024-04-16 23:00:00,23,1,0,16,0,28.6,0.0,Clear,0,,200,0,0.0,0.0,low,1,Night
GR19,Shivaji Park,Green Line,2024-04-17 00:00:00,0,2,0,0,0,32.0,0.0,Clear,1,Ram Navami Procession,71,0,0.0,0.0,low,1,Night
GR19,Shivaji Park,Green Line,2024-04-17 01:00:00,1,2,0,0,0,31.9,0.0,Clear,1,Ram Navami Procession,16,0,0.0,0.0,low,1,Night
GR19,Shivaji Park,Green Line,2024-04-17 02:00:00,2,2,0,0,0,34.7,0.0,Clear,1,Ram Navami Procession,0,0,0.0,0.0,low,1,Night
GR19,Shivaji Park,Green Line,2024-04-17 03:00:00,3,2,0,0,0,34.1,0.0,Clear,1,Ram Navami Procession,0,0,0.0,0.0,low,1,Night
GR19,Shivaji Park,Green Line,2024-04-17 04:00:00,4,2,0,0,0,34.3,0.0,Clear,1,Ram Navami Procession,0,0,0.0,0.0,low,1,Night
GR19,Shivaji Park,Green Line,2024-04-17 05:00:00,5,2,0,0,0,32.7,0.0,Clear,1,Ram Navami Procession,0,0,0.0,0.0,low,1,Night
GR19,Shivaji Park,Green Line,2024-04-17 06:00:00,6,2,0,38,4,33.5,0.0,Cloudy,1,Ram Navami Procession,38,0,9.5,0.301,low,2,Night
GR19,Shivaji Park,Green Line,2024-04-17 07:00:00,7,2,0,148,6,37.0,0.0,Clear,1,Ram Navami Procession,186,0,24.7,0.782,high,5,Night
GR19,Shivaji Park,Green Line,2024-04-17 08:00:00,8,2,0,424,14,38.3,0.0,Clear,1,Ram Navami Procession,610,1,30.3,0.959,high,5,Morning Peak
GR19,Shivaji Park,Green Line,2024-04-17 09:00:00,9,2,0,536,14,41.4,0.0,Hot,1,Ram Navami Procession,1108,1,38.3,1.0,high,5,Morning Peak
GR19,Shivaji Park,Green Line,2024-04-17 10:00:00,10,2,0,364,14,39.8,0.0,Clear,1,Ram Navami Procession,1324,1,26.0,0.823,high,5,Morning Peak
GR19,Shivaji Park,Green Line,2024-04-17 11:00:00,11,2,0,246,7,39.9,0.0,Clear,1,Ram Navami Procession,1146,0,35.1,1.0,high,5,Mid Morning
GR19,Shivaji Park,Green Line,2024-04-17 12:00:00,12,2,0,251,7,39.7,0.0,Clear,1,Ram Navami Procession,861,0,35.9,1.0,high,5,Mid Morning
GR19,Shivaji Park,Green Line,2024-04-17 13:00:00,13,2,0,229,7,37.6,0.0,Clear,1,Ram Navami Procession,726,0,32.7,1.0,high,5,Mid Morning
GR19,Shivaji Park,Green Line,2024-04-17 14:00:00,14,2,0,184,7,34.2,0.0,Clear,1,Ram Navami Procession,664,0,26.3,0.832,high,5,Afternoon
GR19,Shivaji Park,Green Line,2024-04-17 15:00:00,15,2,0,205,7,32.4,0.0,Clear,1,Ram Navami Procession,618,0,29.3,0.927,high,5,Afternoon
GR19,Shivaji Park,Green Line,2024-04-17 16:00:00,16,2,0,240,7,32.7,0.0,Clear,1,Ram Navami Procession,629,0,34.3,1.0,high,5,Afternoon
GR19,Shivaji Park,Green Line,2024-04-17 17:00:00,17,2,0,399,13,32.2,0.0,Clear,1,Ram Navami Procession,844,1,30.7,0.972,high,5,Evening Peak
GR19,Shivaji Park,Green Line,2024-04-17 18:00:00,18,2,0,507,13,30.9,0.0,Clear,1,Ram Navami Procession,1146,1,39.0,1.0,high,5,Evening Peak
GR19,Shivaji Park,Green Line,2024-04-17 19:00:00,19,2,0,427,13,30.0,0.0,Clear,1,Ram Navami Procession,1333,1,32.8,1.0,high,5,Evening Peak
GR19,Shivaji Park,Green Line,2024-04-17 20:00:00,20,2,0,320,13,28.1,0.0,Clear,1,Ram Navami Procession,1254,1,24.6,0.778,high,5,Evening Peak
GR19,Shivaji Park,Green Line,2024-04-17 21:00:00,21,2,0,149,5,29.6,0.0,Clear,1,Ram Navami Procession,896,0,29.8,0.943,high,5,Night
GR19,Shivaji Park,Green Line,2024-04-17 22:00:00,22,2,0,62,5,29.1,0.0,Clear,1,Ram Navami Procession,531,0,12.4,0.392,medium,3,Night
GR19,Shivaji Park,Green Line,2024-04-17 23:00:00,23,2,0,20,0,29.6,0.0,Clear,1,Ram Navami Procession,231,0,0.0,0.0,low,1,Night
GR19,Shivaji Park,Green Line,2024-04-18 00:00:00,0,3,0,0,0,30.4,0.0,Clear,0,,82,0,0.0,0.0,low,1,Night
GR19,Shivaji Park,Green Line,2024-04-18 01:00:00,1,3,0,0,0,33.1,0.0,Clear,0,,20,0,0.0,0.0,low,1,Night
GR19,Shivaji Park,Green Line,2024-04-18 02:00:00,2,3,0,0,0,33.9,0.0,Clear,0,,0,0,0.0,0.0,low,1,Night
GR19,Shivaji Park,Green Line,2024-04-18 03:00:00,3,3,0,0,0,34.9,0.0,Clear,0,,0,0,0.0,0.0,low,1,Night
GR19,Shivaji Park,Green Line,2024-04-18 04:00:00,4,3,0,0,0,33.0,0.0,Clear,0,,0,0,0.0,0.0,low,1,Night
GR19,Shivaji Park,Green Line,2024-04-18 05:00:00,5,3,0,0,0,32.7,0.0,Clear,0,,0,0,0.0,0.0,low,1,Night
GR19,Shivaji Park,Green Line,2024-04-18 06:00:00,6,3,0,32,4,36.0,0.0,Clear,0,,32,0,8.0,0.253,low,2,Night
GR19,Shivaji Park,Green Line,2024-04-18 07:00:00,7,3,0,123,6,37.7,0.0,Clear,0,,155,0,20.5,0.649,medium,4,Night
GR19,Shivaji Park,Green Line,2024-04-18 08:00:00,8,3,0,374,14,38.6,0.0,Clear,0,,529,1,26.7,0.845,high,5,Morning Peak
GR19,Shivaji Park,Green Line,2024-04-18 09:00:00,9,3,0,418,14,39.1,0.0,Clear,0,,915,1,29.9,0.946,high,5,Morning Peak
GR19,Shivaji Park,Green Line,2024-04-18 10:00:00,10,3,0,307,14,41.0,0.0,Hot,0,,1099,1,21.9,0.693,high,4,Morning Peak
GR19,Shivaji Park,Green Line,2024-04-18 11:00:00,11,3,0,206,7,40.0,0.0,Clear,0,,931,0,29.4,0.93,high,5,Mid Morning
GR19,Shivaji Park,Green Line,2024-04-18 12:00:00,12,3,0,207,7,39.7,0.0,Clear,0,,720,0,29.6,0.937,high,5,Mid Morning
GR19,Shivaji Park,Green Line,2024-04-18 13:00:00,13,3,0,186,7,36.8,0.0,Clear,0,,599,0,26.6,0.842,high,5,Mid Morning
GR19,Shivaji Park,Green Line,2024-04-18 14:00:00,14,3,0,164,7,35.7,0.0,Clear,0,,557,0,23.4,0.741,high,4,Afternoon
GR19,Shivaji Park,Green Line,2024-04-18 15:00:00,15,3,0,176,7,32.1,0.0,Clear,0,,526,0,25.1,0.794,high,5,Afternoon
GR19,Shivaji Park,Green Line,2024-04-18 16:00:00,16,3,0,228,7,31.5,0.0,Clear,0,,568,0,32.6,1.0,high,5,Afternoon
GR19,Shivaji Park,Green Line,2024-04-18 17:00:00,17,3,0,322,13,31.9,0.0,Clear,0,,726,1,24.8,0.785,high,5,Evening Peak
GR19,Shivaji Park,Green Line,2024-04-18 18:00:00,18,3,0,374,13,31.3,0.0,Clear,0,,924,1,28.8,0.911,high,5,Evening Peak
GR19,Shivaji Park,Green Line,2024-04-18 19:00:00,19,3,0,349,13,31.0,0.0,Clear,0,,1045,1,26.8,0.848,high,5,Evening Peak
GR19,Shivaji Park,Green Line,2024-04-18 20:00:00,20,3,0,286,13,29.8,0.0,Clear,0,,1009,1,22.0,0.696,high,4,Evening Peak
GR19,Shivaji Park,Green Line,2024-04-18 21:00:00,21,3,0,117,5,30.1,0.0,Clear,0,,752,0,23.4,0.741,high,4,Night
GR19,Shivaji Park,Green Line,2024-04-18 22:00:00,22,3,0,50,5,28.3,0.0,Clear,0,,453,0,10.0,0.316,low,2,Night
GR19,Shivaji Park,Green Line,2024-04-18 23:00:00,23,3,0,16,0,29.3,0.0,Clear,0,,183,0,0.0,0.0,low,1,Night
GR19,Shivaji Park,Green Line,2024-04-19 00:00:00,0,4,0,0,0,31.6,0.0,Clear,0,,66,0,0.0,0.0,low,1,Night
GR19,Shivaji Park,Green Line,2024-04-19 01:00:00,1,4,0,0,0,31.8,0.0,Clear,0,,16,0,0.0,0.0,low,1,Night
GR19,Shivaji Park,Green Line,2024-04-19 02:00:00,2,4,0,0,0,34.8,0.0,Clear,0,,0,0,0.0,0.0,low,1,Night
GR19,Shivaji Park,Green Line,2024-04-19 03:00:00,3,4,0,0,0,33.7,0.0,Clear,0,,0,0,0.0,0.0,low,1,Night
GR19,Shivaji Park,Green Line,2024-04-19 04:00:00,4,4,0,0,0,34.1,0.0,Clear,0,,0,0,0.0,0.0,low,1,Night
GR19,Shivaji Park,Green Line,2024-04-19 05:00:00,5,4,0,0,0,32.3,0.0,Clear,0,,0,0,0.0,0.0,low,1,Night
GR19,Shivaji Park,Green Line,2024-04-19 06:00:00,6,4,0,30,4,34.4,0.0,Clear,0,,30,0,7.5,0.237,low,2,Night
GR19,Shivaji Park,Green Line,2024-04-19 07:00:00,7,4,0,128,6,38.0,0.0,Clear,0,,158,0,21.3,0.674,high,4,Night
GR19,Shivaji Park,Green Line,2024-04-19 08:00:00,8,4,0,346,14,39.8,0.0,Clear,0,,504,1,24.7,0.782,high,5,Morning Peak
GR19,Shivaji Park,Green Line,2024-04-19 09:00:00,9,4,0,414,14,41.6,0.0,Hot,0,,888,1,29.6,0.937,high,5,Morning Peak
GR19,Shivaji Park,Green Line,2024-04-19 10:00:00,10,4,0,294,14,40.1,0.0,Hot,0,,1054,1,21.0,0.665,high,4,Morning Peak
GR19,Shivaji Park,Green Line,2024-04-19 11:00:00,11,4,0,194,7,39.9,0.0,Clear,0,,902,0,27.7,0.877,high,5,Mid Morning
GR19,Shivaji Park,Green Line,2024-04-19 12:00:00,12,4,0,207,7,38.8,0.0,Clear,0,,695,0,29.6,0.937,high,5,Mid Morning
GR19,Shivaji Park,Green Line,2024-04-19 13:00:00,13,4,0,182,7,36.6,0.0,Clear,0,,583,0,26.0,0.823,high,5,Mid Morning
GR19,Shivaji Park,Green Line,2024-04-19 14:00:00,14,4,0,156,7,35.1,0.0,Clear,0,,545,0,22.3,0.706,high,4,Afternoon
GR19,Shivaji Park,Green Line,2024-04-19 15:00:00,15,4,0,185,7,31.3,0.0,Clear,0,,523,0,26.4,0.835,high,5,Afternoon
GR19,Shivaji Park,Green Line,2024-04-19 16:00:00,16,4,0,231,7,29.9,0.0,Clear,0,,572,0,33.0,1.0,high,5,Afternoon
GR19,Shivaji Park,Green Line,2024-04-19 17:00:00,17,4,0,355,13,32.3,0.0,Cloudy,0,,771,1,27.3,0.864,high,5,Evening Peak
GR19,Shivaji Park,Green Line,2024-04-19 18:00:00,18,4,0,402,13,30.0,0.0,Clear,0,,988,1,30.9,0.978,high,5,Evening Peak
GR19,Shivaji Park,Green Line,2024-04-19 19:00:00,19,4,0,375,13,30.5,0.0,Clear,0,,1132,1,28.8,0.911,high,5,Evening Peak
GR19,Shivaji Park,Green Line,2024-04-19 20:00:00,20,4,0,263,13,30.9,0.0,Clear,0,,1040,1,20.2,0.639,medium,4,Evening Peak
GR19,Shivaji Park,Green Line,2024-04-19 21:00:00,21,4,0,122,5,29.3,0.0,Clear,0,,760,0,24.4,0.772,high,5,Night
GR19,Shivaji Park,Green Line,2024-04-19 22:00:00,22,4,0,53,5,29.0,0.0,Clear,0,,438,0,10.6,0.335,low,2,Night
GR19,Shivaji Park,Green Line,2024-04-19 23:00:00,23,4,0,15,0,30.3,0.0,Clear,0,,190,0,0.0,0.0,low,1,Night
GR19,Shivaji Park,Green Line,2024-04-20 00:00:00,0,5,1,0,0,32.8,0.0,Clear,0,,68,0,0.0,0.0,low,1,Night
GR19,Shivaji Park,Green Line,2024-04-20 01:00:00,1,5,1,0,0,32.0,0.0,Clear,0,,15,0,0.0,0.0,low,1,Night
GR19,Shivaji Park,Green Line,2024-04-20 02:00:00,2,5,1,0,0,33.1,0.0,Clear,0,,0,0,0.0,0.0,low,1,Night
GR19,Shivaji Park,Green Line,2024-04-20 03:00:00,3,5,1,0,0,34.7,0.0,Clear,0,,0,0,0.0,0.0,low,1,Night
GR19,Shivaji Park,Green Line,2024-04-20 04:00:00,4,5,1,0,0,35.4,0.0,Clear,0,,0,0,0.0,0.0,low,1,Night
GR19,Shivaji Park,Green Line,2024-04-20 05:00:00,5,5,1,0,0,31.9,0.0,Clear,0,,0,0,0.0,0.0,low,1,Night
GR19,Shivaji Park,Green Line,2024-04-20 06:00:00,6,5,1,23,4,35.1,0.0,Clear,0,,23,0,5.8,0.184,low,2,Night
GR19,Shivaji Park,Green Line,2024-04-20 07:00:00,7,5,1,87,6,37.8,0.0,Clear,0,,110,0,14.5,0.459,medium,3,Night
GR19,Shivaji Park,Green Line,2024-04-20 08:00:00,8,5,1,262,14,39.7,0.0,Clear,0,,372,1,18.7,0.592,medium,4,Morning Peak
GR19,Shivaji Park,Green Line,2024-04-20 09:00:00,9,5,1,331,14,40.0,0.0,Clear,0,,680,1,23.6,0.747,high,4,Morning Peak
GR19,Shivaji Park,Green Line,2024-04-20 10:00:00,10,5,1,202,14,38.9,0.0,Clear,0,,795,1,14.4,0.456,medium,3,Morning Peak
GR19,Shivaji Park,Green Line,2024-04-20 11:00:00,11,5,1,133,7,41.8,0.0,Hot,0,,666,0,19.0,0.601,medium,4,Mid Morning
GR19,Shivaji Park,Green Line,2024-04-20 12:00:00,12,5,1,152,7,39.7,0.0,Clear,0,,487,0,21.7,0.687,high,4,Mid Morning
GR19,Shivaji Park,Green Line,2024-04-20 13:00:00,13,5,1,132,7,38.5,0.0,Clear,0,,417,0,18.9,0.598,medium,4,Mid Morning
GR19,Shivaji Park,Green Line,2024-04-20 14:00:00,14,5,1,120,7,36.8,0.0,Clear,0,,404,0,17.1,0.541,medium,3,Afternoon
GR19,Shivaji Park,Green Line,2024-04-20 15:00:00,15,5,1,127,7,33.5,0.0,Clear,0,,379,0,18.1,0.573,medium,4,Afternoon
GR19,Shivaji Park,Green Line,2024-04-20 16:00:00,16,5,1,166,7,31.6,0.0,Clear,0,,413,0,23.7,0.75,high,5,Afternoon
GR19,Shivaji Park,Green Line,2024-04-20 17:00:00,17,5,1,237,13,33.0,0.0,Clear,0,,530,1,18.2,0.576,medium,4,Evening Peak
GR19,Shivaji Park,Green Line,2024-04-20 18:00:00,18,5,1,288,13,29.3,0.0,Clear,0,,691,1,22.2,0.703,high,4,Evening Peak
GR19,Shivaji Park,Green Line,2024-04-20 19:00:00,19,5,1,246,13,31.0,0.0,Cloudy,0,,771,1,18.9,0.598,medium,4,Evening Peak
GR19,Shivaji Park,Green Line,2024-04-20 20:00:00,20,5,1,184,13,30.3,0.0,Clear,0,,718,1,14.2,0.449,medium,3,Evening Peak
GR19,Shivaji Park,Green Line,2024-04-20 21:00:00,21,5,1,90,5,29.0,0.0,Clear,0,,520,0,18.0,0.57,medium,4,Night
GR19,Shivaji Park,Green Line,2024-04-20 22:00:00,22,5,1,40,5,30.7,0.0,Clear,0,,314,0,8.0,0.253,low,2,Night
GR19,Shivaji Park,Green Line,2024-04-20 23:00:00,23,5,1,12,0,29.8,0.0,Cloudy,0,,142,0,0.0,0.0,low,1,Night
GR19,Shivaji Park,Green Line,2024-04-21 00:00:00,0,6,1,0,0,32.9,0.0,Cloudy,1,Mahavir Jayanti,52,0,0.0,0.0,low,1,Night
GR19,Shivaji Park,Green Line,2024-04-21 01:00:00,1,6,1,0,0,32.8,0.0,Clear,1,Mahavir Jayanti,12,0,0.0,0.0,low,1,Night
GR19,Shivaji Park,Green Line,2024-04-21 02:00:00,2,6,1,0,0,33.9,0.0,Clear,1,Mahavir Jayanti,0,0,0.0,0.0,low,1,Night
GR19,Shivaji Park,Green Line,2024-04-21 03:00:00,3,6,1,0,0,35.1,0.0,Clear,1,Mahavir Jayanti,0,0,0.0,0.0,low,1,Night
GR19,Shivaji Park,Green Line,2024-04-21 04:00:00,4,6,1,0,0,34.3,0.0,Clear,1,Mahavir Jayanti,0,0,0.0,0.0,low,1,Night
GR19,Shivaji Park,Green Line,2024-04-21 05:00:00,5,6,1,0,0,31.2,0.0,Clear,1,Mahavir Jayanti,0,0,0.0,0.0,low,1,Night
GR19,Shivaji Park,Green Line,2024-04-21 06:00:00,6,6,1,25,4,36.2,0.0,Clear,1,Mahavir Jayanti,25,0,6.2,0.196,low,2,Night
GR19,Shivaji Park,Green Line,2024-04-21 07:00:00,7,6,1,101,6,38.6,0.0,Clear,1,Mahavir Jayanti,126,0,16.8,0.532,medium,3,Night
GR19,Shivaji Park,Green Line,2024-04-21 08:00:00,8,6,1,307,14,39.5,0.0,Clear,1,Mahavir Jayanti,433,1,21.9,0.693,high,4,Morning Peak
GR19,Shivaji Park,Green Line,2024-04-21 09:00:00,9,6,1,333,14,41.3,0.0,Hot,1,Mahavir Jayanti,741,1,23.8,0.753,high,5,Morning Peak
GR19,Shivaji Park,Green Line,2024-04-21 10:00:00,10,6,1,217,14,40.2,0.0,Hot,1,Mahavir Jayanti,857,1,15.5,0.491,medium,3,Morning Peak
GR19,Shivaji Park,Green Line,2024-04-21 11:00:00,11,6,1,168,7,39.2,0.0,Clear,1,Mahavir Jayanti,718,0,24.0,0.759,high,5,Mid Morning
GR19,Shivaji Park,Green Line,2024-04-21 12:00:00,12,6,1,152,7,39.5,0.0,Cloudy,1,Mahavir Jayanti,537,0,21.7,0.687,high,4,Mid Morning
GR19,Shivaji Park,Green Line,2024-04-21 13:00:00,13,6,1,134,7,39.1,0.0,Clear,1,Mahavir Jayanti,454,0,19.1,0.604,medium,4,Mid Morning
GR19,Shivaji Park,Green Line,2024-04-21 14:00:00,14,6,1,130,7,36.6,0.0,Clear,1,Mahavir Jayanti,416,0,18.6,0.589,medium,4,Afternoon
GR19,Shivaji Park,Green Line,2024-04-21 15:00:00,15,6,1,149,7,32.1,0.0,Clear,1,Mahavir Jayanti,413,0,21.3,0.674,high,4,Afternoon
GR19,Shivaji Park,Green Line,2024-04-21 16:00:00,16,6,1,161,7,30.8,0.0,Dusty,1,Mahavir Jayanti,440,0,23.0,0.728,high,4,Afternoon
GR19,Shivaji Park,Green Line,2024-04-21 17:00:00,17,6,1,278,13,32.6,0.0,Clear,1,Mahavir Jayanti,588,1,21.4,0.677,high,4,Evening Peak
GR19,Shivaji Park,Green Line,2024-04-21 18:00:00,18,6,1,315,13,30.7,0.0,Clear,1,Mahavir Jayanti,754,1,24.2,0.766,high,5,Evening Peak
GR19,Shivaji Park,Green Line,2024-04-21 19:00:00,19,6,1,273,13,29.9,0.0,Clear,1,Mahavir Jayanti,866,1,21.0,0.665,high,4,Evening Peak
GR19,Shivaji Park,Green Line,2024-04-21 20:00:00,20,6,1,210,13,32.0,0.0,Clear,1,Mahavir Jayanti,798,1,16.2,0.513,medium,3,Evening Peak
GR19,Shivaji Park,Green Line,2024-04-21 21:00:00,21,6,1,102,5,30.5,0.0,Clear,1,Mahavir Jayanti,585,0,20.4,0.646,medium,4,Night
GR19,Shivaji Park,Green Line,2024-04-21 22:00:00,22,6,1,39,5,30.7,0.0,Clear,1,Mahavir Jayanti,351,0,7.8,0.247,low,2,Night
GR19,Shivaji Park,Green Line,2024-04-21 23:00:00,23,6,1,12,0,28.8,0.0,Clear,1,Mahavir Jayanti,153,0,0.0,0.0,low,1,Night
GR19,Shivaji Park,Green Line,2024-04-22 00:00:00,0,0,0,0,0,32.9,0.0,Clear,0,,51,0,0.0,0.0,low,1,Night
GR19,Shivaji Park,Green Line,2024-04-22 01:00:00,1,0,0,0,0,32.9,0.0,Clear,0,,12,0,0.0,0.0,low,1,Night
GR19,Shivaji Park,Green Line,2024-04-22 02:00:00,2,0,0,0,0,35.2,0.0,Clear,0,,0,0,0.0,0.0,low,1,Night
GR19,Shivaji Park,Green Line,2024-04-22 03:00:00,3,0,0,0,0,34.0,0.0,Clear,0,,0,0,0.0,0.0,low,1,Night
GR19,Shivaji Park,Green Line,2024-04-22 04:00:00,4,0,0,0,0,33.4,0.0,Clear,0,,0,0,0.0,0.0,low,1,Night
GR19,Shivaji Park,Green Line,2024-04-22 05:00:00,5,0,0,0,0,33.4,0.0,Clear,0,,0,0,0.0,0.0,low,1,Night
GR19,Shivaji Park,Green Line,2024-04-22 06:00:00,6,0,0,34,4,36.0,0.0,Clear,0,,34,0,8.5,0.269,low,2,Night
GR19,Shivaji Park,Green Line,2024-04-22 07:00:00,7,0,0,125,6,38.6,0.0,Clear,0,,159,0,20.8,0.658,high,4,Night
GR19,Shivaji Park,Green Line,2024-04-22 08:00:00,8,0,0,371,14,41.5,0.0,Hot,0,,530,1,26.5,0.839,high,5,Morning Peak
GR19,Shivaji Park,Green Line,2024-04-22 09:00:00,9,0,0,424,14,40.6,0.0,Hot,0,,920,1,30.3,0.959,high,5,Morning Peak
GR19,Shivaji Park,Green Line,2024-04-22 10:00:00,10,0,0,276,14,39.5,0.0,Clear,0,,1071,1,19.7,0.623,medium,4,Morning Peak
GR19,Shivaji Park,Green Line,2024-04-22 11:00:00,11,0,0,206,7,41.0,0.0,Hot,0,,906,0,29.4,0.93,high,5,Mid Morning
GR19,Shivaji Park,Green Line,2024-04-22 12:00:00,12,0,0,186,7,38.6,0.0,Clear,0,,668,0,26.6,0.842,high,5,Mid Morning
GR19,Shivaji Park,Green Line,2024-04-22 13:00:00,13,0,0,194,7,39.0,0.0,Clear,0,,586,0,27.7,0.877,high,5,Mid Morning
GR19,Shivaji Park,Green Line,2024-04-22 14:00:00,14,0,0,181,7,34.2,0.0,Clear,0,,561,0,25.9,0.82,high,5,Afternoon
GR19,Shivaji Park,Green Line,2024-04-22 15:00:00,15,0,0,184,7,33.9,0.0,Clear,0,,559,0,26.3,0.832,high,5,Afternoon
GR19,Shivaji Park,Green Line,2024-04-22 16:00:00,16,0,0,213,7,32.6,0.0,Clear,0,,578,0,30.4,0.962,high,5,Afternoon
GR19,Shivaji Park,Green Line,2024-04-22 17:00:00,17,0,0,361,13,32.8,0.0,Clear,0,,758,1,27.8,0.88,high,5,Evening Peak
GR19,Shivaji Park,Green Line,2024-04-22 18:00:00,18,0,0,430,13,32.0,0.0,Clear,0,,1004,1,33.1,1.0,high,5,Evening Peak
GR19,Shivaji Park,Green Line,2024-04-22 19:00:00,19,0,0,358,13,29.7,0.0,Cloudy,0,,1149,1,27.5,0.87,high,5,Evening Peak
GR19,Shivaji Park,Green Line,2024-04-22 20:00:00,20,0,0,290,13,32.0,0.0,Clear,0,,1078,1,22.3,0.706,high,4,Evening Peak
GR19,Shivaji Park,Green Line,2024-04-22 21:00:00,21,0,0,129,5,28.5,0.0,Clear,0,,777,0,25.8,0.816,high,5,Night
GR19,Shivaji Park,Green Line,2024-04-22 22:00:00,22,0,0,55,5,30.0,0.0,Clear,0,,474,0,11.0,0.348,low,2,Night
GR19,Shivaji Park,Green Line,2024-04-22 23:00:00,23,0,0,16,0,29.2,0.0,Clear,0,,200,0,0.0,0.0,low,1,Night
GR19,Shivaji Park,Green Line,2024-04-23 00:00:00,0,1,0,0,0,33.7,0.0,Clear,0,,71,0,0.0,0.0,low,1,Night
GR19,Shivaji Park,Green Line,2024-04-23 01:00:00,1,1,0,0,0,34.6,0.0,Clear,0,,16,0,0.0,0.0,low,1,Night
GR19,Shivaji Park,Green Line,2024-04-23 02:00:00,2,1,0,0,0,33.5,0.0,Cloudy,0,,0,0,0.0,0.0,low,1,Night
GR19,Shivaji Park,Green Line,2024-04-23 03:00:00,3,1,0,0,0,34.7,0.0,Clear,0,,0,0,0.0,0.0,low,1,Night
GR19,Shivaji Park,Green Line,2024-04-23 04:00:00,4,1,0,0,0,35.2,0.0,Clear,0,,0,0,0.0,0.0,low,1,Night
GR19,Shivaji Park,Green Line,2024-04-23 05:00:00,5,1,0,0,0,33.2,0.0,Clear,0,,0,0,0.0,0.0,low,1,Night
GR19,Shivaji Park,Green Line,2024-04-23 06:00:00,6,1,0,34,4,36.1,0.0,Clear,0,,34,0,8.5,0.269,low,2,Night
GR19,Shivaji Park,Green Line,2024-04-23 07:00:00,7,1,0,120,6,36.9,0.0,Clear,0,,154,0,20.0,0.633,medium,4,Night
GR19,Shivaji Park,Green Line,2024-04-23 08:00:00,8,1,0,384,14,40.9,0.0,Hot,0,,538,1,27.4,0.867,high,5,Morning Peak
GR19,Shivaji Park,Green Line,2024-04-23 09:00:00,9,1,0,430,14,42.2,0.0,Hot,0,,934,1,30.7,0.972,high,5,Morning Peak
GR19,Shivaji Park,Green Line,2024-04-23 10:00:00,10,1,0,280,14,41.3,0.0,Hot,0,,1094,1,20.0,0.633,medium,4,Morning Peak
GR19,Shivaji Park,Green Line,2024-04-23 11:00:00,11,1,0,192,7,41.3,0.0,Hot,0,,902,0,27.4,0.867,high,5,Mid Morning
GR19,Shivaji Park,Green Line,2024-04-23 12:00:00,12,1,0,211,7,40.2,0.0,Hot,0,,683,0,30.1,0.953,high,5,Mid Morning
GR19,Shivaji Park,Green Line,2024-04-23 13:00:00,13,1,0,193,7,37.7,0.0,Clear,0,,596,0,27.6,0.873,high,5,Mid Morning
GR19,Shivaji Park,Green Line,2024-04-23 14:00:00,14,1,0,161,7,37.7,0.0,Clear,0,,565,0,23.0,0.728,high,4,Afternoon
GR19,Shivaji Park,Green Line,2024-04-23 15:00:00,15,1,0,172,7,34.8,0.0,Clear,0,,526,0,24.6,0.778,high,5,Afternoon
GR19,Shivaji Park,Green Line,2024-04-23 16:00:00,16,1,0,226,7,31.8,0.0,Clear,0,,559,0,32.3,1.0,high,5,Afternoon
GR19,Shivaji Park,Green Line,2024-04-23 17:00:00,17,1,0,332,13,32.5,0.0,Clear,0,,730,1,25.5,0.807,high,5,Evening Peak
GR19,Shivaji Park,Green Line,2024-04-23 18:00:00,18,1,0,409,13,30.3,0.0,Clear,0,,967,1,31.5,0.997,high,5,Evening Peak
GR19,Shivaji Park,Green Line,2024-04-23 19:00:00,19,1,0,390,13,31.5,0.0,Clear,0,,1131,1,30.0,0.949,high,5,Evening Peak
GR19,Shivaji Park,Green Line,2024-04-23 20:00:00,20,1,0,259,13,31.3,0.0,Clear,0,,1058,1,19.9,0.63,medium,4,Evening Peak
GR19,Shivaji Park,Green Line,2024-04-23 21:00:00,21,1,0,127,5,29.2,0.0,Clear,0,,776,0,25.4,0.804,high,5,Night
GR19,Shivaji Park,Green Line,2024-04-23 22:00:00,22,1,0,51,5,30.1,0.0,Clear,0,,437,0,10.2,0.323,low,2,Night
GR19,Shivaji Park,Green Line,2024-04-23 23:00:00,23,1,0,16,0,31.9,0.0,Clear,0,,194,0,0.0,0.0,low,1,Night
GR19,Shivaji Park,Green Line,2024-04-24 00:00:00,0,2,0,0,0,34.3,0.0,Cloudy,0,,67,0,0.0,0.0,low,1,Night
GR19,Shivaji Park,Green Line,2024-04-24 01:00:00,1,2,0,0,0,34.7,0.0,Clear,0,,16,0,0.0,0.0,low,1,Night
GR19,Shivaji Park,Green Line,2024-04-24 02:00:00,2,2,0,0,0,36.5,0.0,Clear,0,,0,0,0.0,0.0,low,1,Night
GR19,Shivaji Park,Green Line,2024-04-24 03:00:00,3,2,0,0,0,35.4,0.0,Cloudy,0,,0,0,0.0,0.0,low,1,Night
GR19,Shivaji Park,Green Line,2024-04-24 04:00:00,4,2,0,0,0,36.4,0.0,Clear,0,,0,0,0.0,0.0,low,1,Night
GR19,Shivaji Park,Green Line,2024-04-24 05:00:00,5,2,0,0,0,33.5,0.0,Clear,0,,0,0,0.0,0.0,low,1,Night
GR19,Shivaji Park,Green Line,2024-04-24 06:00:00,6,2,0,32,4,37.3,0.0,Clear,0,,32,0,8.0,0.253,low,2,Night
GR19,Shivaji Park,Green Line,2024-04-24 07:00:00,7,2,0,112,6,38.2,0.0,Clear,0,,144,0,18.7,0.592,medium,4,Night
GR19,Shivaji Park,Green Line,2024-04-24 08:00:00,8,2,0,351,14,39.9,0.0,Clear,0,,495,1,25.1,0.794,high,5,Morning Peak
GR19,Shivaji Park,Green Line,2024-04-24 09:00:00,9,2,0,408,14,42.4,0.0,Hot,0,,871,1,29.1,0.921,high,5,Morning Peak
GR19,Shivaji Park,Green Line,2024-04-24 10:00:00,10,2,0,285,14,40.1,0.0,Hot,0,,1044,1,20.4,0.646,medium,4,Morning Peak
GR19,Shivaji Park,Green Line,2024-04-24 11:00:00,11,2,0,191,7,41.1,0.0,Hot,0,,884,0,27.3,0.864,high,5,Mid Morning
GR19,Shivaji Park,Green Line,2024-04-24 12:00:00,12,2,0,200,7,39.8,0.0,Cloudy,0,,676,0,28.6,0.905,high,5,Mid Morning
GR19,Shivaji Park,Green Line,2024-04-24 13:00:00,13,2,0,188,7,38.6,0.0,Clear,0,,579,0,26.9,0.851,high,5,Mid Morning
GR19,Shivaji Park,Green Line,2024-04-24 14:00:00,14,2,0,164,7,37.7,0.0,Clear,0,,552,0,23.4,0.741,high,4,Afternoon
GR19,Shivaji Park,Green Line,2024-04-24 15:00:00,15,2,0,191,7,33.1,0.0,Clear,0,,543,0,27.3,0.864,high,5,Afternoon
GR19,Shivaji Park,Green Line,2024-04-24 16:00:00,16,2,0,206,7,34.4,0.0,Clear,0,,561,0,29.4,0.93,high,5,Afternoon
GR19,Shivaji Park,Green Line,2024-04-24 17:00:00,17,2,0,347,13,31.5,0.0,Clear,0,,744,1,26.7,0.845,high,5,Evening Peak
GR19,Shivaji Park,Green Line,2024-04-24 18:00:00,18,2,0,374,13,32.2,0.0,Clear,0,,927,1,28.8,0.911,high,5,Evening Peak
GR19,Shivaji Park,Green Line,2024-04-24 19:00:00,19,2,0,350,13,31.9,0.0,Clear,0,,1071,1,26.9,0.851,high,5,Evening Peak
GR19,Shivaji Park,Green Line,2024-04-24 20:00:00,20,2,0,276,13,31.3,0.0,Clear,0,,1000,1,21.2,0.671,high,4,Evening Peak
GR19,Shivaji Park,Green Line,2024-04-24 21:00:00,21,2,0,120,5,30.2,0.0,Clear,0,,746,0,24.0,0.759,high,5,Night
GR19,Shivaji Park,Green Line,2024-04-24 22:00:00,22,2,0,50,5,30.4,0.0,Cloudy,0,,446,0,10.0,0.316,low,2,Night
GR19,Shivaji Park,Green Line,2024-04-24 23:00:00,23,2,0,15,0,30.2,0.0,Cloudy,0,,185,0,0.0,0.0,low,1,Night
GR19,Shivaji Park,Green Line,2024-04-25 00:00:00,0,3,0,0,0,34.3,0.0,Clear,0,,65,0,0.0,0.0,low,1,Night
GR19,Shivaji Park,Green Line,2024-04-25 01:00:00,1,3,0,0,0,32.3,0.0,Clear,0,,15,0,0.0,0.0,low,1,Night
GR19,Shivaji Park,Green Line,2024-04-25 02:00:00,2,3,0,0,0,34.6,0.0,Clear,0,,0,0,0.0,0.0,low,1,Night
GR19,Shivaji Park,Green Line,2024-04-25 03:00:00,3,3,0,0,0,35.2,0.0,Clear,0,,0,0,0.0,0.0,low,1,Night
GR19,Shivaji Park,Green Line,2024-04-25 04:00:00,4,3,0,0,0,36.4,0.0,Clear,0,,0,0,0.0,0.0,low,1,Night
GR19,Shivaji Park,Green Line,2024-04-25 05:00:00,5,3,0,0,0,34.7,0.0,Cloudy,0,,0,0,0.0,0.0,low,1,Night
GR19,Shivaji Park,Green Line,2024-04-25 06:00:00,6,3,0,34,4,38.0,0.0,Clear,0,,34,0,8.5,0.269,low,2,Night
GR19,Shivaji Park,Green Line,2024-04-25 07:00:00,7,3,0,125,6,38.5,0.0,Clear,0,,159,0,20.8,0.658,high,4,Night
GR19,Shivaji Park,Green Line,2024-04-25 08:00:00,8,3,0,349,14,39.2,0.0,Clear,0,,508,1,24.9,0.788,high,5,Morning Peak
GR19,Shivaji Park,Green Line,2024-04-25 09:00:00,9,3,0,418,14,42.2,0.0,Hot,0,,892,1,29.9,0.946,high,5,Morning Peak
GR19,Shivaji Park,Green Line,2024-04-25 10:00:00,10,3,0,289,14,40.9,0.0,Hot,0,,1056,1,20.6,0.652,high,4,Morning Peak
GR19,Shivaji Park,Green Line,2024-04-25 11:00:00,11,3,0,190,7,41.6,0.0,Hot,0,,897,0,27.1,0.858,high,5,Mid Morning
GR19,Shivaji Park,Green Line,2024-04-25 12:00:00,12,3,0,188,7,40.7,0.0,Hot,0,,667,0,26.9,0.851,high,5,Mid Morning
GR19,Shivaji Park,Green Line,2024-04-25 13:00:00,13,3,0,170,7,37.9,0.0,Clear,0,,548,0,24.3,0.769,high,5,Mid Morning
GR19,Shivaji Park,Green Line,2024-04-25 14:00:00,14,3,0,167,7,35.4,0.0,Clear,0,,525,0,23.9,0.756,high,5,Afternoon
GR19,Shivaji Park,Green Line,2024-04-25 15:00:00,15,3,0,185,7,33.4,0.0,Clear,0,,522,0,26.4,0.835,high,5,Afternoon
GR19,Shivaji Park,Green Line,2024-04-25 16:00:00,16,3,0,210,7,33.5,0.0,Clear,0,,562,0,30.0,0.949,high,5,Afternoon
GR19,Shivaji Park,Green Line,2024-04-25 17:00:00,17,3,0,333,13,30.0,0.0,Clear,0,,728,1,25.6,0.81,high,5,Evening Peak
GR19,Shivaji Park,Green Line,2024-04-25 18:00:00,18,3,0,431,13,31.5,0.0,Clear,0,,974,1,33.2,1.0,high,5,Evening Peak
GR19,Shivaji Park,Green Line,2024-04-25 19:00:00,19,3,0,360,13,33.9,0.0,Clear,0,,1124,1,27.7,0.877,high,5,Evening Peak
GR19,Shivaji Park,Green Line,2024-04-25 20:00:00,20,3,0,273,13,31.1,0.0,Clear,0,,1064,1,21.0,0.665,high,4,Evening Peak
GR19,Shivaji Park,Green Line,2024-04-25 21:00:00,21,3,0,117,5,31.1,0.0,Clear,0,,750,0,23.4,0.741,high,4,Night
GR19,Shivaji Park,Green Line,2024-04-25 22:00:00,22,3,0,50,5,31.5,0.0,Clear,0,,440,0,10.0,0.316,low,2,Night
GR19,Shivaji Park,Green Line,2024-04-25 23:00:00,23,3,0,16,0,30.5,0.0,Clear,0,,183,0,0.0,0.0,low,1,Night
GR19,Shivaji Park,Green Line,2024-04-26 00:00:00,0,4,0,0,0,33.8,0.0,Cloudy,0,,66,0,0.0,0.0,low,1,Night
GR19,Shivaji Park,Green Line,2024-04-26 01:00:00,1,4,0,0,0,34.6,0.0,Clear,0,,16,0,0.0,0.0,low,1,Night
GR19,Shivaji Park,Green Line,2024-04-26 02:00:00,2,4,0,0,0,34.3,0.0,Clear,0,,0,0,0.0,0.0,low,1,Night
GR19,Shivaji Park,Green Line,2024-04-26 03:00:00,3,4,0,0,0,35.0,0.0,Clear,0,,0,0,0.0,0.0,low,1,Night
GR19,Shivaji Park,Green Line,2024-04-26 04:00:00,4,4,0,0,0,35.6,0.0,Clear,0,,0,0,0.0,0.0,low,1,Night
GR19,Shivaji Park,Green Line,2024-04-26 05:00:00,5,4,0,0,0,34.1,0.0,Clear,0,,0,0,0.0,0.0,low,1,Night
GR19,Shivaji Park,Green Line,2024-04-26 06:00:00,6,4,0,30,4,38.2,0.0,Clear,0,,30,0,7.5,0.237,low,2,Night
GR19,Shivaji Park,Green Line,2024-04-26 07:00:00,7,4,0,127,6,39.5,0.0,Clear,0,,157,0,21.2,0.671,high,4,Night
GR19,Shivaji Park,Green Line,2024-04-26 08:00:00,8,4,0,387,14,40.6,0.0,Hot,0,,544,1,27.6,0.873,high,5,Morning Peak
GR19,Shivaji Park,Green Line,2024-04-26 09:00:00,9,4,0,433,14,40.7,0.0,Hot,0,,947,1,30.9,0.978,high,5,Morning Peak
GR19,Shivaji Park,Green Line,2024-04-26 10:00:00,10,4,0,301,14,41.3,0.0,Hot,0,,1121,1,21.5,0.68,high,4,Morning Peak
GR19,Shivaji Park,Green Line,2024-04-26 11:00:00,11,4,0,194,7,42.6,0.0,Hot,0,,928,0,27.7,0.877,high,5,Mid Morning
GR19,Shivaji Park,Green Line,2024-04-26 12:00:00,12,4,0,210,7,40.2,0.0,Hot,0,,705,0,30.0,0.949,high,5,Mid Morning
GR19,Shivaji Park,Green Line,2024-04-26 13:00:00,13,4,0,189,7,39.0,0.0,Clear,0,,593,0,27.0,0.854,high,5,Mid Morning
GR19,Shivaji Park,Green Line,2024-04-26 14:00:00,14,4,0,170,7,36.2,0.0,Clear,0,,569,0,24.3,0.769,high,5,Afternoon
GR19,Shivaji Park,Green Line,2024-04-26 15:00:00,15,4,0,184,7,34.1,0.0,Clear,0,,543,0,26.3,0.832,high,5,Afternoon
GR19,Shivaji Park,Green Line,2024-04-26 16:00:00,16,4,0,208,7,32.6,0.0,Clear,0,,562,0,29.7,0.94,high,5,Afternoon
GR19,Shivaji Park,Green Line,2024-04-26 17:00:00,17,4,0,370,13,31.6,0.0,Clear,0,,762,1,28.5,0.902,high,5,Evening Peak
GR19,Shivaji Park,Green Line,2024-04-26 18:00:00,18,4,0,414,13,31.8,0.0,Clear,0,,992,1,31.8,1.0,high,5,Evening Peak
GR19,Shivaji Park,Green Line,2024-04-26 19:00:00,19,4,0,365,13,32.9,0.0,Clear,0,,1149,1,28.1,0.889,high,5,Evening Peak
GR19,Shivaji Park,Green Line,2024-04-26 20:00:00,20,4,0,265,13,31.4,0.0,Cloudy,0,,1044,1,20.4,0.646,medium,4,Evening Peak
GR19,Shivaji Park,Green Line,2024-04-26 21:00:00,21,4,0,122,5,31.2,0.0,Clear,0,,752,0,24.4,0.772,high,5,Night
GR19,Shivaji Park,Green Line,2024-04-26 22:00:00,22,4,0,51,5,31.1,0.0,Clear,0,,438,0,10.2,0.323,low,2,Night
GR19,Shivaji Park,Green Line,2024-04-26 23:00:00,23,4,0,16,0,31.3,0.0,Clear,0,,189,0,0.0,0.0,low,1,Night
GR19,Shivaji Park,Green Line,2024-04-27 00:00:00,0,5,1,0,0,33.9,0.0,Clear,0,,67,0,0.0,0.0,low,1,Night
GR19,Shivaji Park,Green Line,2024-04-27 01:00:00,1,5,1,0,0,34.8,0.0,Clear,0,,16,0,0.0,0.0,low,1,Night
GR19,Shivaji Park,Green Line,2024-04-27 02:00:00,2,5,1,0,0,36.8,0.0,Clear,0,,0,0,0.0,0.0,low,1,Night
GR19,Shivaji Park,Green Line,2024-04-27 03:00:00,3,5,1,0,0,36.0,0.0,Clear,0,,0,0,0.0,0.0,low,1,Night
GR19,Shivaji Park,Green Line,2024-04-27 04:00:00,4,5,1,0,0,35.9,0.0,Clear,0,,0,0,0.0,0.0,low,1,Night
GR19,Shivaji Park,Green Line,2024-04-27 05:00:00,5,5,1,0,0,34.1,0.0,Clear,0,,0,0,0.0,0.0,low,1,Night
GR19,Shivaji Park,Green Line,2024-04-27 06:00:00,6,5,1,22,4,37.2,0.0,Clear,0,,22,0,5.5,0.174,low,2,Night
GR19,Shivaji Park,Green Line,2024-04-27 07:00:00,7,5,1,92,6,41.3,0.0,Hot,0,,114,0,15.3,0.484,medium,3,Night
GR19,Shivaji Park,Green Line,2024-04-27 08:00:00,8,5,1,269,14,42.3,0.0,Hot,0,,383,1,19.2,0.608,medium,4,Morning Peak
GR19,Shivaji Park,Green Line,2024-04-27 09:00:00,9,5,1,313,14,41.7,0.0,Hot,0,,674,1,22.4,0.709,high,4,Morning Peak
GR19,Shivaji Park,Green Line,2024-04-27 10:00:00,10,5,1,211,14,42.9,0.0,Hot,0,,793,1,15.1,0.478,medium,3,Morning Peak
GR19,Shivaji Park,Green Line,2024-04-27 11:00:00,11,5,1,146,7,42.7,0.0,Hot,0,,670,0,20.9,0.661,high,4,Mid Morning
GR19,Shivaji Park,Green Line,2024-04-27 12:00:00,12,5,1,137,7,41.0,0.0,Hot,0,,494,0,19.6,0.62,medium,4,Mid Morning
GR19,Shivaji Park,Green Line,2024-04-27 13:00:00,13,5,1,123,7,38.6,0.0,Clear,0,,406,0,17.6,0.557,medium,4,Mid Morning
GR19,Shivaji Park,Green Line,2024-04-27 14:00:00,14,5,1,124,7,36.6,0.0,Clear,0,,384,0,17.7,0.56,medium,4,Afternoon
GR19,Shivaji Park,Green Line,2024-04-27 15:00:00,15,5,1,137,7,33.7,0.0,Clear,0,,384,0,19.6,0.62,medium,4,Afternoon
GR19,Shivaji Park,Green Line,2024-04-27 16:00:00,16,5,1,164,7,34.2,0.0,Clear,0,,425,0,23.4,0.741,high,4,Afternoon
GR19,Shivaji Park,Green Line,2024-04-27 17:00:00,17,5,1,236,13,34.1,0.0,Clear,0,,537,1,18.2,0.576,medium,4,Evening Peak
GR19,Shivaji Park,Green Line,2024-04-27 18:00:00,18,5,1,284,13,34.0,0.0,Cloudy,0,,684,1,21.8,0.69,high,4,Evening Peak
GR19,Shivaji Park,Green Line,2024-04-27 19:00:00,19,5,1,253,13,33.9,0.0,Clear,0,,773,1,19.5,0.617,medium,4,Evening Peak
GR19,Shivaji Park,Green Line,2024-04-27 20:00:00,20,5,1,203,13,31.7,0.0,Clear,0,,740,1,15.6,0.494,medium,3,Evening Peak
GR19,Shivaji Park,Green Line,2024-04-27 21:00:00,21,5,1,81,5,31.0,0.0,Clear,0,,537,0,16.2,0.513,medium,3,Night
GR19,Shivaji Park,Green Line,2024-04-27 22:00:00,22,5,1,36,5,31.8,0.0,Clear,0,,320,0,7.2,0.228,low,2,Night
GR19,Shivaji Park,Green Line,2024-04-27 23:00:00,23,5,1,11,0,30.9,0.0,Clear,0,,128,0,0.0,0.0,low,1,Night
GR19,Shivaji Park,Green Line,2024-04-28 00:00:00,0,6,1,0,0,35.2,0.0,Clear,0,,47,0,0.0,0.0,low,1,Night
GR19,Shivaji Park,Green Line,2024-04-28 01:00:00,1,6,1,0,0,35.4,0.0,Clear,0,,11,0,0.0,0.0,low,1,Night
GR19,Shivaji Park,Green Line,2024-04-28 02:00:00,2,6,1,0,0,36.1,0.0,Clear,0,,0,0,0.0,0.0,low,1,Night
GR19,Shivaji Park,Green Line,2024-04-28 03:00:00,3,6,1,0,0,36.7,0.0,Clear,0,,0,0,0.0,0.0,low,1,Night
GR19,Shivaji Park,Green Line,2024-04-28 04:00:00,4,6,1,0,0,37.2,0.0,Clear,0,,0,0,0.0,0.0,low,1,Night
GR19,Shivaji Park,Green Line,2024-04-28 05:00:00,5,6,1,0,0,34.8,0.0,Clear,0,,0,0,0.0,0.0,low,1,Night
GR19,Shivaji Park,Green Line,2024-04-28 06:00:00,6,6,1,24,4,36.7,0.0,Clear,0,,24,0,6.0,0.19,low,2,Night
GR19,Shivaji Park,Green Line,2024-04-28 07:00:00,7,6,1,82,6,39.1,0.0,Clear,0,,106,0,13.7,0.434,medium,3,Night
GR19,Shivaji Park,Green Line,2024-04-28 08:00:00,8,6,1,255,14,40.8,0.0,Hot,0,,361,1,18.2,0.576,medium,4,Morning Peak
GR19,Shivaji Park,Green Line,2024-04-28 09:00:00,9,6,1,313,14,41.9,0.0,Hot,0,,650,1,22.4,0.709,high,4,Morning Peak
GR19,Shivaji Park,Green Line,2024-04-28 10:00:00,10,6,1,216,14,41.8,0.0,Hot,0,,784,1,15.4,0.487,medium,3,Morning Peak
GR19,Shivaji Park,Green Line,2024-04-28 11:00:00,11,6,1,152,7,43.3,0.0,Hot,0,,681,0,21.7,0.687,high,4,Mid Morning
GR19,Shivaji Park,Green Line,2024-04-28 12:00:00,12,6,1,126,7,41.4,0.7,Light Rain,0,,494,0,18.0,0.57,medium,4,Mid Morning
GR19,Shivaji Park,Green Line,2024-04-28 13:00:00,13,6,1,119,7,39.8,0.8,Light Rain,0,,397,0,17.0,0.538,medium,3,Mid Morning
GR19,Shivaji Park,Green Line,2024-04-28 14:00:00,14,6,1,118,7,36.3,0.4,Light Rain,0,,363,0,16.9,0.535,medium,3,Afternoon
GR19,Shivaji Park,Green Line,2024-04-28 15:00:00,15,6,1,133,7,35.1,0.3,Light Rain,0,,370,0,19.0,0.601,medium,4,Afternoon
GR19,Shivaji Park,Green Line,2024-04-28 16:00:00,16,6,1,161,7,33.9,0.3,Light Rain,0,,412,0,23.0,0.728,high,4,Afternoon
GR19,Shivaji Park,Green Line,2024-04-28 17:00:00,17,6,1,248,13,33.5,0.3,Light Rain,0,,542,1,19.1,0.604,medium,4,Evening Peak
GR19,Shivaji Park,Green Line,2024-04-28 18:00:00,18,6,1,272,13,32.0,0.6,Light Rain,0,,681,1,20.9,0.661,high,4,Evening Peak
GR19,Shivaji Park,Green Line,2024-04-28 19:00:00,19,6,1,239,13,32.7,0.7,Light Rain,0,,759,1,18.4,0.582,medium,4,Evening Peak
GR19,Shivaji Park,Green Line,2024-04-28 20:00:00,20,6,1,198,13,33.8,0.8,Light Rain,0,,709,1,15.2,0.481,medium,3,Evening Peak
GR19,Shivaji Park,Green Line,2024-04-28 21:00:00,21,6,1,89,5,30.9,0.0,Clear,0,,526,0,17.8,0.563,medium,4,Night
GR19,Shivaji Park,Green Line,2024-04-28 22:00:00,22,6,1,38,5,29.6,0.0,Clear,0,,325,0,7.6,0.241,low,2,Night
GR19,Shivaji Park,Green Line,2024-04-28 23:00:00,23,6,1,12,0,31.6,0.0,Clear,0,,139,0,0.0,0.0,low,1,Night
GR19,Shivaji Park,Green Line,2024-04-29 00:00:00,0,0,0,0,0,33.5,0.0,Clear,0,,50,0,0.0,0.0,low,1,Night
GR19,Shivaji Park,Green Line,2024-04-29 01:00:00,1,0,0,0,0,34.5,0.0,Clear,0,,12,0,0.0,0.0,low,1,Night
GR19,Shivaji Park,Green Line,2024-04-29 02:00:00,2,0,0,0,0,36.9,0.0,Clear,0,,0,0,0.0,0.0,low,1,Night
GR19,Shivaji Park,Green Line,2024-04-29 03:00:00,3,0,0,0,0,35.7,0.0,Clear,0,,0,0,0.0,0.0,low,1,Night
GR19,Shivaji Park,Green Line,2024-04-29 04:00:00,4,0,0,0,0,36.5,0.0,Clear,0,,0,0,0.0,0.0,low,1,Night
GR19,Shivaji Park,Green Line,2024-04-29 05:00:00,5,0,0,0,0,36.4,0.0,Clear,0,,0,0,0.0,0.0,low,1,Night
GR19,Shivaji Park,Green Line,2024-04-29 06:00:00,6,0,0,32,4,36.7,0.0,Clear,0,,32,0,8.0,0.253,low,2,Night
GR19,Shivaji Park,Green Line,2024-04-29 07:00:00,7,0,0,127,6,40.2,0.0,Hot,0,,159,0,21.2,0.671,high,4,Night
GR19,Shivaji Park,Green Line,2024-04-29 08:00:00,8,0,0,387,14,40.8,0.0,Hot,0,,546,1,27.6,0.873,high,5,Morning Peak
GR19,Shivaji Park,Green Line,2024-04-29 09:00:00,9,0,0,402,14,42.3,0.0,Hot,0,,916,1,28.7,0.908,high,5,Morning Peak
GR19,Shivaji Park,Green Line,2024-04-29 10:00:00,10,0,0,275,14,43.1,0.0,Hot,0,,1064,1,19.6,0.62,medium,4,Morning Peak
GR19,Shivaji Park,Green Line,2024-04-29 11:00:00,11,0,0,199,7,42.3,0.0,Hot,0,,876,0,28.4,0.899,high,5,Mid Morning
GR19,Shivaji Park,Green Line,2024-04-29 12:00:00,12,0,0,192,7,41.6,0.0,Hot,0,,666,0,27.4,0.867,high,5,Mid Morning
GR19,Shivaji Park,Green Line,2024-04-29 13:00:00,13,0,0,190,7,37.5,0.0,Clear,0,,581,0,27.1,0.858,high,5,Mid Morning
GR19,Shivaji Park,Green Line,2024-04-29 14:00:00,14,0,0,167,7,38.0,0.0,Clear,0,,549,0,23.9,0.756,high,5,Afternoon
GR19,Shivaji Park,Green Line,2024-04-29 15:00:00,15,0,0,181,7,34.3,0.0,Clear,0,,538,0,25.9,0.82,high,5,Afternoon
GR19,Shivaji Park,Green Line,2024-04-29 16:00:00,16,0,0,227,7,34.2,0.0,Clear,0,,575,0,32.4,1.0,high,5,Afternoon
GR19,Shivaji Park,Green Line,2024-04-29 17:00:00,17,0,0,322,13,32.7,0.0,Clear,0,,730,1,24.8,0.785,high,5,Evening Peak
GR19,Shivaji Park,Green Line,2024-04-29 18:00:00,18,0,0,417,13,33.1,0.0,Clear,0,,966,1,32.1,1.0,high,5,Evening Peak
GR19,Shivaji Park,Green Line,2024-04-29 19:00:00,19,0,0,340,13,33.2,0.0,Clear,0,,1079,1,26.2,0.829,high,5,Evening Peak
GR19,Shivaji Park,Green Line,2024-04-29 20:00:00,20,0,0,276,13,32.6,0.0,Clear,0,,1033,1,21.2,0.671,high,4,Evening Peak
GR19,Shivaji Park,Green Line,2024-04-29 21:00:00,21,0,0,111,5,30.4,0.0,Clear,0,,727,0,22.2,0.703,high,4,Night
GR19,Shivaji Park,Green Line,2024-04-29 22:00:00,22,0,0,52,5,32.3,0.0,Clear,0,,439,0,10.4,0.329,low,2,Night
GR19,Shivaji Park,Green Line,2024-04-29 23:00:00,23,0,0,16,0,33.2,0.0,Clear,0,,179,0,0.0,0.0,low,1,Night
GR19,Shivaji Park,Green Line,2024-04-30 00:00:00,0,1,0,0,0,33.5,0.0,Clear,0,,68,0,0.0,0.0,low,1,Night
GR19,Shivaji Park,Green Line,2024-04-30 01:00:00,1,1,0,0,0,34.0,0.0,Clear,0,,16,0,0.0,0.0,low,1,Night
GR19,Shivaji Park,Green Line,2024-04-30 02:00:00,2,1,0,0,0,35.9,0.0,Clear,0,,0,0,0.0,0.0,low,1,Night
GR19,Shivaji Park,Green Line,2024-04-30 03:00:00,3,1,0,0,0,35.9,0.0,Cloudy,0,,0,0,0.0,0.0,low,1,Night
GR19,Shivaji Park,Green Line,2024-04-30 04:00:00,4,1,0,0,0,36.2,0.0,Clear,0,,0,0,0.0,0.0,low,1,Night
GR19,Shivaji Park,Green Line,2024-04-30 05:00:00,5,1,0,0,0,34.8,0.0,Clear,0,,0,0,0.0,0.0,low,1,Night
GR19,Shivaji Park,Green Line,2024-04-30 06:00:00,6,1,0,31,4,37.2,0.0,Clear,0,,31,0,7.8,0.247,low,2,Night
GR19,Shivaji Park,Green Line,2024-04-30 07:00:00,7,1,0,119,6,38.8,0.0,Clear,0,,150,0,19.8,0.627,medium,4,Night
GR19,Shivaji Park,Green Line,2024-04-30 08:00:00,8,1,0,388,14,40.9,0.0,Hot,0,,538,1,27.7,0.877,high,5,Morning Peak
GR19,Shivaji Park,Green Line,2024-04-30 09:00:00,9,1,0,438,14,42.4,0.0,Hot,0,,945,1,31.3,0.991,high,5,Morning Peak
GR19,Shivaji Park,Green Line,2024-04-30 10:00:00,10,1,0,275,14,44.2,0.0,Hot,0,,1101,1,19.6,0.62,medium,4,Morning Peak
GR19,Shivaji Park,Green Line,2024-04-30 11:00:00,11,1,0,185,7,40.9,0.0,Hot,0,,898,0,26.4,0.835,high,5,Mid Morning
GR19,Shivaji Park,Green Line,2024-04-30 12:00:00,12,1,0,197,7,41.8,0.0,Hot,0,,657,0,28.1,0.889,high,5,Mid Morning
GR19,Shivaji Park,Green Line,2024-04-30 13:00:00,13,1,0,191,7,39.4,0.0,Cloudy,0,,573,0,27.3,0.864,high,5,Mid Morning
GR19,Shivaji Park,Green Line,2024-04-30 14:00:00,14,1,0,170,7,36.5,0.0,Clear,0,,558,0,24.3,0.769,high,5,Afternoon
GR19,Shivaji Park,Green Line,2024-04-30 15:00:00,15,1,0,175,7,34.1,0.0,Clear,0,,536,0,25.0,0.791,high,5,Afternoon
GR19,Shivaji Park,Green Line,2024-04-30 16:00:00,16,1,0,222,7,34.7,0.0,Clear,0,,567,0,31.7,1.0,high,5,Afternoon
GR19,Shivaji Park,Green Line,2024-04-30 17:00:00,17,1,0,368,13,34.4,0.0,Clear,0,,765,1,28.3,0.896,high,5,Evening Peak
GR19,Shivaji Park,Green Line,2024-04-30 18:00:00,18,1,0,413,13,33.0,0.0,Cloudy,0,,1003,1,31.8,1.0,high,5,Evening Peak
GR19,Shivaji Park,Green Line,2024-04-30 19:00:00,19,1,0,355,13,30.9,0.0,Clear,0,,1136,1,27.3,0.864,high,5,Evening Peak
GR19,Shivaji Park,Green Line,2024-04-30 20:00:00,20,1,0,252,13,32.7,0.0,Clear,0,,1020,1,19.4,0.614,medium,4,Evening Peak
GR19,Shivaji Park,Green Line,2024-04-30 21:00:00,21,1,0,118,5,31.8,0.0,Clear,0,,725,0,23.6,0.747,high,4,Night
GR19,Shivaji Park,Green Line,2024-04-30 22:00:00,22,1,0,55,5,34.0,0.0,Clear,0,,425,0,11.0,0.348,low,2,Night
GR19,Shivaji Park,Green Line,2024-04-30 23:00:00,23,1,0,16,0,31.8,0.0,Clear,0,,189,0,0.0,0.0,low,1,Night
GR19,Shivaji Park,Green Line,2024-05-01 00:00:00,0,2,0,0,0,31.9,0.0,Clear,1,Labour Day,71,0,0.0,0.0,low,1,Night
GR19,Shivaji Park,Green Line,2024-05-01 01:00:00,1,2,0,0,0,31.3,0.0,Clear,1,Labour Day,16,0,0.0,0.0,low,1,Night
GR19,Shivaji Park,Green Line,2024-05-01 02:00:00,2,2,0,0,0,34.7,0.0,Clear,1,Labour Day,0,0,0.0,0.0,low,1,Night
GR19,Shivaji Park,Green Line,2024-05-01 03:00:00,3,2,0,0,0,34.9,0.0,Clear,1,Labour Day,0,0,0.0,0.0,low,1,Night
GR19,Shivaji Park,Green Line,2024-05-01 04:00:00,4,2,0,0,0,35.5,0.0,Clear,1,Labour Day,0,0,0.0,0.0,low,1,Night
GR19,Shivaji Park,Green Line,2024-05-01 05:00:00,5,2,0,0,0,32.3,0.0,Clear,1,Labour Day,0,0,0.0,0.0,low,1,Night
GR19,Shivaji Park,Green Line,2024-05-01 06:00:00,6,2,0,29,4,36.6,0.0,Clear,1,Labour Day,29,0,7.2,0.228,low,2,Night
GR19,Shivaji Park,Green Line,2024-05-01 07:00:00,7,2,0,109,6,39.8,0.0,Clear,1,Labour Day,138,0,18.2,0.576,medium,4,Night
GR19,Shivaji Park,Green Line,2024-05-01 08:00:00,8,2,0,322,14,38.4,0.0,Clear,1,Labour Day,460,1,23.0,0.728,high,4,Morning Peak
GR19,Shivaji Park,Green Line,2024-05-01 09:00:00,9,2,0,359,14,39.9,0.0,Clear,1,Labour Day,790,1,25.6,0.81,high,5,Morning Peak
GR19,Shivaji Park,Green Line,2024-05-01 10:00:00,10,2,0,266,14,40.2,0.0,Hot,1,Labour Day,947,1,19.0,0.601,medium,4,Morning Peak
GR19,Shivaji Park,Green Line,2024-05-01 11:00:00,11,2,0,188,7,40.5,0.0,Hot,1,Labour Day,813,0,26.9,0.851,high,5,Mid Morning
GR19,Shivaji Park,Green Line,2024-05-01 12:00:00,12,2,0,172,7,41.2,0.0,Hot,1,Labour Day,626,0,24.6,0.778,high,5,Mid Morning
GR19,Shivaji Park,Green Line,2024-05-01 13:00:00,13,2,0,168,7,36.8,0.0,Clear,1,Labour Day,528,0,24.0,0.759,high,5,Mid Morning
GR19,Shivaji Park,Green Line,2024-05-01 14:00:00,14,2,0,154,7,36.5,0.0,Dusty,1,Labour Day,494,0,22.0,0.696,high,4,Afternoon
GR19,Shivaji Park,Green Line,2024-05-01 15:00:00,15,2,0,170,7,32.4,0.0,Clear,1,Labour Day,492,0,24.3,0.769,high,5,Afternoon
GR19,Shivaji Park,Green Line,2024-05-01 16:00:00,16,2,0,192,7,34.3,0.0,Clear,1,Labour Day,516,0,27.4,0.867,high,5,Afternoon
GR19,Shivaji Park,Green Line,2024-05-01 17:00:00,17,2,0,291,13,32.1,0.0,Clear,1,Labour Day,653,1,22.4,0.709,high,4,Evening Peak
GR19,Shivaji Park,Green Line,2024-05-01 18:00:00,18,2,0,334,13,32.0,0.0,Clear,1,Labour Day,817,1,25.7,0.813,high,5,Evening Peak
GR19,Shivaji Park,Green Line,2024-05-01 19:00:00,19,2,0,322,13,30.4,0.0,Clear,1,Labour Day,947,1,24.8,0.785,high,5,Evening Peak
GR19,Shivaji Park,Green Line,2024-05-01 20:00:00,20,2,0,256,13,31.1,0.0,Clear,1,Labour Day,912,1,19.7,0.623,medium,4,Evening Peak
GR19,Shivaji Park,Green Line,2024-05-01 21:00:00,21,2,0,104,5,30.3,0.0,Clear,1,Labour Day,682,0,20.8,0.658,high,4,Night
GR19,Shivaji Park,Green Line,2024-05-01 22:00:00,22,2,0,46,5,29.2,0.0,Clear,1,Labour Day,406,0,9.2,0.291,low,2,Night
GR19,Shivaji Park,Green Line,2024-05-01 23:00:00,23,2,0,15,0,29.5,0.0,Clear,1,Labour Day,165,0,0.0,0.0,low,1,Night
GR19,Shivaji Park,Green Line,2024-05-02 00:00:00,0,3,0,0,0,33.0,0.0,Clear,0,,61,0,0.0,0.0,low,1,Night
GR19,Shivaji Park,Green Line,2024-05-02 01:00:00,1,3,0,0,0,32.5,0.0,Clear,0,,15,0,0.0,0.0,low,1,Night
GR19,Shivaji Park,Green Line,2024-05-02 02:00:00,2,3,0,0,0,32.9,0.0,Clear,0,,0,0,0.0,0.0,low,1,Night
GR19,Shivaji Park,Green Line,2024-05-02 03:00:00,3,3,0,0,0,34.5,0.0,Clear,0,,0,0,0.0,0.0,low,1,Night
GR19,Shivaji Park,Green Line,2024-05-02 04:00:00,4,3,0,0,0,36.2,0.0,Clear,0,,0,0,0.0,0.0,low,1,Night
GR19,Shivaji Park,Green Line,2024-05-02 05:00:00,5,3,0,0,0,33.2,0.0,Clear,0,,0,0,0.0,0.0,low,1,Night
GR19,Shivaji Park,Green Line,2024-05-02 06:00:00,6,3,0,30,4,35.9,0.0,Clear,0,,30,0,7.5,0.237,low,2,Night
GR19,Shivaji Park,Green Line,2024-05-02 07:00:00,7,3,0,127,6,39.0,0.0,Clear,0,,157,0,21.2,0.671,high,4,Night
GR19,Shivaji Park,Green Line,2024-05-02 08:00:00,8,3,0,383,14,39.4,0.0,Clear,0,,540,1,27.4,0.867,high,5,Morning Peak
GR19,Shivaji Park,Green Line,2024-05-02 09:00:00,9,3,0,407,14,39.7,0.0,Clear,0,,917,1,29.1,0.921,high,5,Morning Peak
GR19,Shivaji Park,Green Line,2024-05-02 10:00:00,10,3,0,306,14,41.4,0.0,Hot,0,,1096,1,21.9,0.693,high,4,Morning Peak
GR19,Shivaji Park,Green Line,2024-05-02 11:00:00,11,3,0,198,7,40.9,0.0,Hot,0,,911,0,28.3,0.896,high,5,Mid Morning
GR19,Shivaji Park,Green Line,2024-05-02 12:00:00,12,3,0,214,7,40.7,0.0,Hot,0,,718,0,30.6,0.968,high,5,Mid Morning
GR19,Shivaji Park,Green Line,2024-05-02 13:00:00,13,3,0,175,7,37.0,0.0,Clear,0,,587,0,25.0,0.791,high,5,Mid Morning
GR19,Shivaji Park,Green Line,2024-05-02 14:00:00,14,3,0,178,7,35.9,0.0,Clear,0,,567,0,25.4,0.804,high,5,Afternoon
GR19,Shivaji Park,Green Line,2024-05-02 15:00:00,15,3,0,189,7,32.2,0.0,Clear,0,,542,0,27.0,0.854,high,5,Afternoon
GR19,Shivaji Park,Green Line,2024-05-02 16:00:00,16,3,0,234,7,32.1,0.0,Clear,0,,601,0,33.4,1.0,high,5,Afternoon
GR19,Shivaji Park,Green Line,2024-05-02 17:00:00,17,3,0,342,13,31.4,0.0,Clear,0,,765,1,26.3,0.832,high,5,Evening Peak
GR19,Shivaji Park,Green Line,2024-05-02 18:00:00,18,3,0,369,13,29.8,0.0,Clear,0,,945,1,28.4,0.899,high,5,Evening Peak
GR19,Shivaji Park,Green Line,2024-05-02 19:00:00,19,3,0,352,13,30.1,0.0,Clear,0,,1063,1,27.1,0.858,high,5,Evening Peak
GR19,Shivaji Park,Green Line,2024-05-02 20:00:00,20,3,0,251,13,31.0,0.0,Clear,0,,972,1,19.3,0.611,medium,4,Evening Peak
GR19,Shivaji Park,Green Line,2024-05-02 21:00:00,21,3,0,123,5,29.5,0.0,Clear,0,,726,0,24.6,0.778,high,5,Night
GR19,Shivaji Park,Green Line,2024-05-02 22:00:00,22,3,0,48,5,30.6,0.0,Clear,0,,422,0,9.6,0.304,low,2,Night
GR19,Shivaji Park,Green Line,2024-05-02 23:00:00,23,3,0,17,0,30.1,0.0,Clear,0,,188,0,0.0,0.0,low,1,Night
GR19,Shivaji Park,Green Line,2024-05-03 00:00:00,0,4,0,0,0,31.2,0.0,Clear,0,,65,0,0.0,0.0,low,1,Night
GR19,Shivaji Park,Green Line,2024-05-03 01:00:00,1,4,0,0,0,34.3,0.0,Clear,0,,17,0,0.0,0.0,low,1,Night
GR19,Shivaji Park,Green Line,2024-05-03 02:00:00,2,4,0,0,0,34.0,0.0,Cloudy,0,,0,0,0.0,0.0,low,1,Night
GR19,Shivaji Park,Green Line,2024-05-03 03:00:00,3,4,0,0,0,34.9,0.0,Clear,0,,0,0,0.0,0.0,low,1,Night
GR19,Shivaji Park,Green Line,2024-05-03 04:00:00,4,4,0,0,0,35.2,0.0,Clear,0,,0,0,0.0,0.0,low,1,Night
GR19,Shivaji Park,Green Line,2024-05-03 05:00:00,5,4,0,0,0,31.1,0.0,Clear,0,,0,0,0.0,0.0,low,1,Night
GR19,Shivaji Park,Green Line,2024-05-03 06:00:00,6,4,0,33,4,35.0,0.0,Clear,0,,33,0,8.2,0.259,low,2,Night
GR19,Shivaji Park,Green Line,2024-05-03 07:00:00,7,4,0,112,6,37.7,0.0,Clear,0,,145,0,18.7,0.592,medium,4,Night
GR19,Shivaji Park,Green Line,2024-05-03 08:00:00,8,4,0,371,14,40.3,0.0,Hot,0,,516,1,26.5,0.839,high,5,Morning Peak
GR19,Shivaji Park,Green Line,2024-05-03 09:00:00,9,4,0,466,14,40.8,0.0,Hot,0,,949,1,33.3,1.0,high,5,Morning Peak
GR19,Shivaji Park,Green Line,2024-05-03 10:00:00,10,4,0,293,14,42.0,0.0,Hot,0,,1130,1,20.9,0.661,high,4,Morning Peak
GR19,Shivaji Park,Green Line,2024-05-03 11:00:00,11,4,0,202,7,39.1,0.0,Clear,0,,961,0,28.9,0.915,high,5,Mid Morning
GR19,Shivaji Park,Green Line,2024-05-03 12:00:00,12,4,0,188,7,39.9,0.0,Cloudy,0,,683,0,26.9,0.851,high,5,Mid Morning
GR19,Shivaji Park,Green Line,2024-05-03 13:00:00,13,4,0,171,7,38.0,0.0,Clear,0,,561,0,24.4,0.772,high,5,Mid Morning
GR19,Shivaji Park,Green Line,2024-05-03 14:00:00,14,4,0,157,7,37.3,0.0,Clear,0,,516,0,22.4,0.709,high,4,Afternoon
GR19,Shivaji Park,Green Line,2024-05-03 15:00:00,15,4,0,194,7,33.8,0.0,Clear,0,,522,0,27.7,0.877,high,5,Afternoon
GR19,Shivaji Park,Green Line,2024-05-03 16:00:00,16,4,0,223,7,30.9,0.0,Clear,0,,574,0,31.9,1.0,high,5,Afternoon
GR19,Shivaji Park,Green Line,2024-05-03 17:00:00,17,4,0,337,13,31.3,0.0,Clear,0,,754,1,25.9,0.82,high,5,Evening Peak
GR19,Shivaji Park,Green Line,2024-05-03 18:00:00,18,4,0,386,13,31.4,0.0,Clear,0,,946,1,29.7,0.94,high,5,Evening Peak
GR19,Shivaji Park,Green Line,2024-05-03 19:00:00,19,4,0,347,13,30.3,0.0,Clear,0,,1070,1,26.7,0.845,high,5,Evening Peak
GR19,Shivaji Park,Green Line,2024-05-03 20:00:00,20,4,0,273,13,30.1,0.0,Clear,0,,1006,1,21.0,0.665,high,4,Evening Peak
GR19,Shivaji Park,Green Line,2024-05-03 21:00:00,21,4,0,117,5,30.9,0.0,Clear,0,,737,0,23.4,0.741,high,4,Night
GR19,Shivaji Park,Green Line,2024-05-03 22:00:00,22,4,0,56,5,29.7,0.0,Clear,0,,446,0,11.2,0.354,medium,3,Night
GR19,Shivaji Park,Green Line,2024-05-03 23:00:00,23,4,0,16,0,31.3,0.0,Clear,0,,189,0,0.0,0.0,low,1,Night
GR19,Shivaji Park,Green Line,2024-05-04 00:00:00,0,5,1,0,0,33.1,0.0,Clear,0,,72,0,0.0,0.0,low,1,Night
GR19,Shivaji Park,Green Line,2024-05-04 01:00:00,1,5,1,0,0,33.7,0.0,Clear,0,,16,0,0.0,0.0,low,1,Night
GR19,Shivaji Park,Green Line,2024-05-04 02:00:00,2,5,1,0,0,32.7,0.0,Clear,0,,0,0,0.0,0.0,low,1,Night
GR19,Shivaji Park,Green Line,2024-05-04 03:00:00,3,5,1,0,0,37.0,0.0,Clear,0,,0,0,0.0,0.0,low,1,Night
GR19,Shivaji Park,Green Line,2024-05-04 04:00:00,4,5,1,0,0,36.1,0.0,Clear,0,,0,0,0.0,0.0,low,1,Night
GR19,Shivaji Park,Green Line,2024-05-04 05:00:00,5,5,1,0,0,32.9,0.0,Clear,0,,0,0,0.0,0.0,low,1,Night
GR19,Shivaji Park,Green Line,2024-05-04 06:00:00,6,5,1,23,4,36.2,0.0,Clear,0,,23,0,5.8,0.184,low,2,Night
GR19,Shivaji Park,Green Line,2024-05-04 07:00:00,7,5,1,92,6,39.8,0.0,Clear,0,,115,0,15.3,0.484,medium,3,Night
GR19,Shivaji Park,Green Line,2024-05-04 08:00:00,8,5,1,265,14,40.8,0.0,Hot,0,,380,1,18.9,0.598,medium,4,Morning Peak
GR19,Shivaji Park,Green Line,2024-05-04 09:00:00,9,5,1,316,14,41.2,0.0,Hot,0,,673,1,22.6,0.715,high,4,Morning Peak
GR19,Shivaji Park,Green Line,2024-05-04 10:00:00,10,5,1,209,14,40.9,0.0,Hot,0,,790,1,14.9,0.472,medium,3,Morning Peak
GR19,Shivaji Park,Green Line,2024-05-04 11:00:00,11,5,1,144,7,41.8,0.0,Hot,0,,669,0,20.6,0.652,high,4,Mid Morning
GR19,Shivaji Park,Green Line,2024-05-04 12:00:00,12,5,1,138,7,39.8,0.0,Cloudy,0,,491,0,19.7,0.623,medium,4,Mid Morning
GR19,Shivaji Park,Green Line,2024-05-04 13:00:00,13,5,1,131,7,37.7,0.0,Clear,0,,413,0,18.7,0.592,medium,4,Mid Morning
GR19,Shivaji Park,Green Line,2024-05-04 14:00:00,14,5,1,126,7,35.6,0.0,Clear,0,,395,0,18.0,0.57,medium,4,Afternoon
GR19,Shivaji Park,Green Line,2024-05-04 15:00:00,15,5,1,141,7,32.8,0.0,Clear,0,,398,0,20.1,0.636,medium,4,Afternoon
GR19,Shivaji Park,Green Line,2024-05-04 16:00:00,16,5,1,148,7,32.4,0.0,Cloudy,0,,415,0,21.1,0.668,high,4,Afternoon
GR19,Shivaji Park,Green Line,2024-05-04 17:00:00,17,5,1,237,13,31.6,0.0,Clear,0,,526,1,18.2,0.576,medium,4,Evening Peak
GR19,Shivaji Park,Green Line,2024-05-04 18:00:00,18,5,1,279,13,31.7,0.0,Clear,0,,664,1,21.5,0.68,high,4,Evening Peak
GR19,Shivaji Park,Green Line,2024-05-04 19:00:00,19,5,1,262,13,30.7,0.0,Clear,0,,778,1,20.2,0.639,medium,4,Evening Peak
GR19,Shivaji Park,Green Line,2024-05-04 20:00:00,20,5,1,196,13,31.6,0.0,Clear,0,,737,1,15.1,0.478,medium,3,Evening Peak
GR19,Shivaji Park,Green Line,2024-05-04 21:00:00,21,5,1,89,5,30.5,0.0,Cloudy,0,,547,0,17.8,0.563,medium,4,Night
GR19,Shivaji Park,Green Line,2024-05-04 22:00:00,22,5,1,38,5,32.1,0.0,Clear,0,,323,0,7.6,0.241,low,2,Night
GR19,Shivaji Park,Green Line,2024-05-04 23:00:00,23,5,1,12,0,30.8,0.0,Clear,0,,139,0,0.0,0.0,low,1,Night
GR19,Shivaji Park,Green Line,2024-05-05 00:00:00,0,6,1,0,0,31.9,0.0,Clear,0,,50,0,0.0,0.0,low,1,Night
GR19,Shivaji Park,Green Line,2024-05-05 01:00:00,1,6,1,0,0,32.5,0.0,Clear,0,,12,0,0.0,0.0,low,1,Night
GR19,Shivaji Park,Green Line,2024-05-05 02:00:00,2,6,1,0,0,34.0,0.0,Clear,0,,0,0,0.0,0.0,low,1,Night
GR19,Shivaji Park,Green Line,2024-05-05 03:00:00,3,6,1,0,0,35.3,0.0,Clear,0,,0,0,0.0,0.0,low,1,Night
GR19,Shivaji Park,Green Line,2024-05-05 04:00:00,4,6,1,0,0,36.3,0.0,Clear,0,,0,0,0.0,0.0,low,1,Night
GR19,Shivaji Park,Green Line,2024-05-05 05:00:00,5,6,1,0,0,33.4,0.0,Cloudy,0,,0,0,0.0,0.0,low,1,Night
GR19,Shivaji Park,Green Line,2024-05-05 06:00:00,6,6,1,24,4,34.6,0.0,Clear,0,,24,0,6.0,0.19,low,2,Night
GR19,Shivaji Park,Green Line,2024-05-05 07:00:00,7,6,1,80,6,38.0,0.0,Clear,0,,104,0,13.3,0.421,medium,3,Night
GR19,Shivaji Park,Green Line,2024-05-05 08:00:00,8,6,1,249,14,40.6,0.0,Hot,0,,353,1,17.8,0.563,medium,4,Morning Peak
GR19,Shivaji Park,Green Line,2024-05-05 09:00:00,9,6,1,298,14,41.2,0.0,Hot,0,,627,1,21.3,0.674,high,4,Morning Peak
GR19,Shivaji Park,Green Line,2024-05-05 10:00:00,10,6,1,213,14,43.3,0.0,Hot,0,,760,1,15.2,0.481,medium,3,Morning Peak
GR19,Shivaji Park,Green Line,2024-05-05 11:00:00,11,6,1,141,7,40.8,0.0,Hot,0,,652,0,20.1,0.636,medium,4,Mid Morning
GR19,Shivaji Park,Green Line,2024-05-05 12:00:00,12,6,1,152,7,40.5,0.0,Hot,0,,506,0,21.7,0.687,high,4,Mid Morning
GR19,Shivaji Park,Green Line,2024-05-05 13:00:00,13,6,1,127,7,38.7,0.0,Clear,0,,420,0,18.1,0.573,medium,4,Mid Morning
GR19,Shivaji Park,Green Line,2024-05-05 14:00:00,14,6,1,130,7,36.6,0.0,Clear,0,,409,0,18.6,0.589,medium,4,Afternoon
GR19,Shivaji Park,Green Line,2024-05-05 15:00:00,15,6,1,127,7,33.2,0.0,Clear,0,,384,0,18.1,0.573,medium,4,Afternoon
GR19,Shivaji Park,Green Line,2024-05-05 16:00:00,16,6,1,155,7,32.5,0.0,Clear,0,,412,0,22.1,0.699,high,4,Afternoon
GR19,Shivaji Park,Green Line,2024-05-05 17:00:00,17,6,1,228,13,32.0,0.0,Clear,0,,510,1,17.5,0.554,medium,4,Evening Peak
GR19,Shivaji Park,Green Line,2024-05-05 18:00:00,18,6,1,267,13,31.2,0.0,Clear,0,,650,1,20.5,0.649,medium,4,Evening Peak
GR19,Shivaji Park,Green Line,2024-05-05 19:00:00,19,6,1,282,13,30.7,0.0,Clear,0,,777,1,21.7,0.687,high,4,Evening Peak
GR19,Shivaji Park,Green Line,2024-05-05 20:00:00,20,6,1,196,13,31.7,0.0,Clear,0,,745,1,15.1,0.478,medium,3,Evening Peak
GR19,Shivaji Park,Green Line,2024-05-05 21:00:00,21,6,1,92,5,31.2,0.0,Clear,0,,570,0,18.4,0.582,medium,4,Night
GR19,Shivaji Park,Green Line,2024-05-05 22:00:00,22,6,1,40,5,29.9,0.0,Clear,0,,328,0,8.0,0.253,low,2,Night
GR19,Shivaji Park,Green Line,2024-05-05 23:00:00,23,6,1,12,0,31.7,0.0,Clear,0,,144,0,0.0,0.0,low,1,Night
GR19,Shivaji Park,Green Line,2024-05-06 00:00:00,0,0,0,0,0,33.4,0.0,Clear,0,,52,0,0.0,0.0,low,1,Night
GR19,Shivaji Park,Green Line,2024-05-06 01:00:00,1,0,0,0,0,33.8,0.0,Cloudy,0,,12,0,0.0,0.0,low,1,Night
GR19,Shivaji Park,Green Line,2024-05-06 02:00:00,2,0,0,0,0,33.4,0.0,Clear,0,,0,0,0.0,0.0,low,1,Night
GR19,Shivaji Park,Green Line,2024-05-06 03:00:00,3,0,0,0,0,33.8,0.0,Clear,0,,0,0,0.0,0.0,low,1,Night
GR19,Shivaji Park,Green Line,2024-05-06 04:00:00,4,0,0,0,0,34.6,0.0,Clear,0,,0,0,0.0,0.0,low,1,Night
GR19,Shivaji Park,Green Line,2024-05-06 05:00:00,5,0,0,0,0,32.4,0.0,Clear,0,,0,0,0.0,0.0,low,1,Night
GR19,Shivaji Park,Green Line,2024-05-06 06:00:00,6,0,0,31,4,36.8,0.0,Clear,0,,31,0,7.8,0.247,low,2,Night
GR19,Shivaji Park,Green Line,2024-05-06 07:00:00,7,0,0,113,6,36.5,0.0,Clear,0,,144,0,18.8,0.595,medium,4,Night
GR19,Shivaji Park,Green Line,2024-05-06 08:00:00,8,0,0,384,14,40.0,0.0,Clear,0,,528,1,27.4,0.867,high,5,Morning Peak
GR19,Shivaji Park,Green Line,2024-05-06 09:00:00,9,0,0,427,14,41.4,0.0,Hot,0,,924,1,30.5,0.965,high,5,Morning Peak
GR19,Shivaji Park,Green Line,2024-05-06 10:00:00,10,0,0,298,14,42.0,0.0,Hot,0,,1109,1,21.3,0.674,high,4,Morning Peak
GR19,Shivaji Park,Green Line,2024-05-06 11:00:00,11,0,0,213,7,39.8,0.0,Clear,0,,938,0,30.4,0.962,high,5,Mid Morning
GR19,Shivaji Park,Green Line,2024-05-06 12:00:00,12,0,0,191,7,41.5,0.0,Hot,0,,702,0,27.3,0.864,high,5,Mid Morning
GR19,Shivaji Park,Green Line,2024-05-06 13:00:00,13,0,0,167,7,38.1,0.0,Clear,0,,571,0,23.9,0.756,high,5,Mid Morning
GR19,Shivaji Park,Green Line,2024-05-06 14:00:00,14,0,0,157,7,36.3,0.0,Clear,0,,515,0,22.4,0.709,high,4,Afternoon
GR19,Shivaji Park,Green Line,2024-05-06 15:00:00,15,0,0,185,7,34.2,0.0,Clear,0,,509,0,26.4,0.835,high,5,Afternoon
GR19,Shivaji Park,Green Line,2024-05-06 16:00:00,16,0,0,207,7,33.0,0.0,Clear,0,,549,0,29.6,0.937,high,5,Afternoon
GR19,Shivaji Park,Green Line,2024-05-06 17:00:00,17,0,0,358,13,32.7,0.0,Clear,0,,750,1,27.5,0.87,high,5,Evening Peak
GR19,Shivaji Park,Green Line,2024-05-06 18:00:00,18,0,0,400,13,31.1,0.0,Clear,0,,965,1,30.8,0.975,high,5,Evening Peak
GR19,Shivaji Park,Green Line,2024-05-06 19:00:00,19,0,0,394,13,31.9,0.0,Clear,0,,1152,1,30.3,0.959,high,5,Evening Peak
GR19,Shivaji Park,Green Line,2024-05-06 20:00:00,20,0,0,277,13,32.1,0.0,Clear,0,,1071,1,21.3,0.674,high,4,Evening Peak
GR19,Shivaji Park,Green Line,2024-05-06 21:00:00,21,0,0,117,5,31.8,0.0,Clear,0,,788,0,23.4,0.741,high,4,Night
GR19,Shivaji Park,Green Line,2024-05-06 22:00:00,22,0,0,48,5,31.7,0.0,Clear,0,,442,0,9.6,0.304,low,2,Night
GR19,Shivaji Park,Green Line,2024-05-06 23:00:00,23,0,0,17,0,32.2,0.0,Clear,0,,182,0,0.0,0.0,low,1,Night
GR19,Shivaji Park,Green Line,2024-05-07 00:00:00,0,1,0,0,0,32.5,0.0,Clear,0,,65,0,0.0,0.0,low,1,Night
GR19,Shivaji Park,Green Line,2024-05-07 01:00:00,1,1,0,0,0,34.2,0.0,Clear,0,,17,0,0.0,0.0,low,1,Night
GR19,Shivaji Park,Green Line,2024-05-07 02:00:00,2,1,0,0,0,34.2,0.0,Clear,0,,0,0,0.0,0.0,low,1,Night
GR19,Shivaji Park,Green Line,2024-05-07 03:00:00,3,1,0,0,0,36.6,0.0,Clear,0,,0,0,0.0,0.0,low,1,Night
GR19,Shivaji Park,Green Line,2024-05-07 04:00:00,4,1,0,0,0,35.6,0.0,Clear,0,,0,0,0.0,0.0,low,1,Night
GR19,Shivaji Park,Green Line,2024-05-07 05:00:00,5,1,0,0,0,34.4,0.0,Clear,0,,0,0,0.0,0.0,low,1,Night
GR19,Shivaji Park,Green Line,2024-05-07 06:00:00,6,1,0,30,4,34.5,0.0,Clear,0,,30,0,7.5,0.237,low,2,Night
GR19,Shivaji Park,Green Line,2024-05-07 07:00:00,7,1,0,110,6,38.4,0.0,Clear,0,,140,0,18.3,0.579,medium,4,Night
GR19,Shivaji Park,Green Line,2024-05-07 08:00:00,8,1,0,397,14,40.2,0.0,Hot,0,,537,1,28.4,0.899,high,5,Morning Peak
GR19,Shivaji Park,Green Line,2024-05-07 09:00:00,9,1,0,451,14,41.2,0.0,Hot,0,,958,1,32.2,1.0,high,5,Morning Peak
GR19,Shivaji Park,Green Line,2024-05-07 10:00:00,10,1,0,273,14,42.9,0.0,Hot,0,,1121,1,19.5,0.617,medium,4,Morning Peak
GR19,Shivaji Park,Green Line,2024-05-07 11:00:00,11,1,0,193,7,43.1,0.0,Hot,0,,917,0,27.6,0.873,high,5,Mid Morning
GR19,Shivaji Park,Green Line,2024-05-07 12:00:00,12,1,0,212,7,42.3,0.0,Hot,0,,678,0,30.3,0.959,high,5,Mid Morning
GR19,Shivaji Park,Green Line,2024-05-07 13:00:00,13,1,0,185,7,37.9,0.0,Dusty,0,,590,0,26.4,0.835,high,5,Mid Morning
GR19,Shivaji Park,Green Line,2024-05-07 14:00:00,14,1,0,165,7,37.0,0.0,Clear,0,,562,0,23.6,0.747,high,4,Afternoon
GR19,Shivaji Park,Green Line,2024-05-07 15:00:00,15,1,0,177,7,33.5,0.0,Clear,0,,527,0,25.3,0.801,high,5,Afternoon
GR19,Shivaji Park,Green Line,2024-05-07 16:00:00,16,1,0,222,7,33.2,0.0,Cloudy,0,,564,0,31.7,1.0,high,5,Afternoon
GR19,Shivaji Park,Green Line,2024-05-07 17:00:00,17,1,0,354,13,33.4,0.0,Clear,0,,753,1,27.2,0.861,high,5,Evening Peak
GR19,Shivaji Park,Green Line,2024-05-07 18:00:00,18,1,0,413,13,31.6,0.0,Clear,0,,989,1,31.8,1.0,high,5,Evening Peak
GR19,Shivaji Park,Green Line,2024-05-07 19:00:00,19,1,0,379,13,31.7,0.0,Clear,0,,1146,1,29.2,0.924,high,5,Evening Peak
GR19,Shivaji Park,Green Line,2024-05-07 20:00:00,20,1,0,274,13,31.1,0.0,Clear,0,,1066,1,21.1,0.668,high,4,Evening Peak
GR19,Shivaji Park,Green Line,2024-05-07 21:00:00,21,1,0,121,5,30.9,0.0,Clear,0,,774,0,24.2,0.766,high,5,Night
GR19,Shivaji Park,Green Line,2024-05-07 22:00:00,22,1,0,51,5,30.2,0.0,Clear,0,,446,0,10.2,0.323,low,2,Night
GR19,Shivaji Park,Green Line,2024-05-07 23:00:00,23,1,0,17,0,32.1,0.0,Clear,0,,189,0,0.0,0.0,low,1,Night
GR19,Shivaji Park,Green Line,2024-05-08 00:00:00,0,2,0,0,0,33.8,0.0,Clear,0,,68,0,0.0,0.0,low,1,Night
GR19,Shivaji Park,Green Line,2024-05-08 01:00:00,1,2,0,0,0,32.9,0.0,Clear,0,,17,0,0.0,0.0,low,1,Night
GR19,Shivaji Park,Green Line,2024-05-08 02:00:00,2,2,0,0,0,33.0,0.0,Clear,0,,0,0,0.0,0.0,low,1,Night
GR19,Shivaji Park,Green Line,2024-05-08 03:00:00,3,2,0,0,0,36.8,0.0,Clear,0,,0,0,0.0,0.0,low,1,Night
GR19,Shivaji Park,Green Line,2024-05-08 04:00:00,4,2,0,0,0,35.7,0.0,Clear,0,,0,0,0.0,0.0,low,1,Night
GR19,Shivaji Park,Green Line,2024-05-08 05:00:00,5,2,0,0,0,35.7,0.0,Cloudy,0,,0,0,0.0,0.0,low,1,Night
GR19,Shivaji Park,Green Line,2024-05-08 06:00:00,6,2,0,32,4,37.6,0.0,Clear,0,,32,0,8.0,0.253,low,2,Night
GR19,Shivaji Park,Green Line,2024-05-08 07:00:00,7,2,0,120,6,39.1,0.0,Cloudy,0,,152,0,20.0,0.633,medium,4,Night
GR19,Shivaji Park,Green Line,2024-05-08 08:00:00,8,2,0,348,14,41.3,0.0,Hot,0,,500,1,24.9,0.788,high,5,Morning Peak
GR19,Shivaji Park,Green Line,2024-05-08 09:00:00,9,2,0,403,14,40.4,0.0,Hot,0,,871,1,28.8,0.911,high,5,Morning Peak
GR19,Shivaji Park,Green Line,2024-05-08 10:00:00,10,2,0,303,14,42.7,0.0,Hot,0,,1054,1,21.6,0.684,high,4,Morning Peak
GR19,Shivaji Park,Green Line,2024-05-08 11:00:00,11,2,0,215,7,41.7,0.0,Hot,0,,921,0,30.7,0.972,high,5,Mid Morning
GR19,Shivaji Park,Green Line,2024-05-08 12:00:00,12,2,0,213,7,41.8,0.0,Hot,0,,731,0,30.4,0.962,high,5,Mid Morning
GR19,Shivaji Park,Green Line,2024-05-08 13:00:00,13,2,0,187,7,38.6,0.0,Cloudy,0,,615,0,26.7,0.845,high,5,Mid Morning
GR19,Shivaji Park,Green Line,2024-05-08 14:00:00,14,2,0,178,7,36.8,0.0,Clear,0,,578,0,25.4,0.804,high,5,Afternoon
GR19,Shivaji Park,Green Line,2024-05-08 15:00:00,15,2,0,171,7,33.9,0.0,Clear,0,,536,0,24.4,0.772,high,5,Afternoon
GR19,Shivaji Park,Green Line,2024-05-08 16:00:00,16,2,0,237,7,33.2,0.0,Clear,0,,586,0,33.9,1.0,high,5,Afternoon
GR19,Shivaji Park,Green Line,2024-05-08 17:00:00,17,2,0,347,13,31.4,0.0,Clear,0,,755,1,26.7,0.845,high,5,Evening Peak
GR19,Shivaji Park,Green Line,2024-05-08 18:00:00,18,2,0,399,13,32.7,0.0,Clear,0,,983,1,30.7,0.972,high,5,Evening Peak
GR19,Shivaji Park,Green Line,2024-05-08 19:00:00,19,2,0,347,13,33.6,0.0,Clear,0,,1093,1,26.7,0.845,high,5,Evening Peak
GR19,Shivaji Park,Green Line,2024-05-08 20:00:00,20,2,0,273,13,32.7,0.0,Clear,0,,1019,1,21.0,0.665,high,4,Evening Peak
GR19,Shivaji Park,Green Line,2024-05-08 21:00:00,21,2,0,118,5,31.7,0.0,Clear,0,,738,0,23.6,0.747,high,4,Night
GR19,Shivaji Park,Green Line,2024-05-08 22:00:00,22,2,0,56,5,32.0,0.0,Clear,0,,447,0,11.2,0.354,medium,3,Night
GR19,Shivaji Park,Green Line,2024-05-08 23:00:00,23,2,0,15,0,31.5,0.0,Clear,0,,189,0,0.0,0.0,low,1,Night
GR19,Shivaji Park,Green Line,2024-05-09 00:00:00,0,3,0,0,0,33.4,0.0,Clear,1,Tagore Jayanti,71,0,0.0,0.0,low,1,Night
GR19,Shivaji Park,Green Line,2024-05-09 01:00:00,1,3,0,0,0,35.4,0.0,Clear,1,Tagore Jayanti,15,0,0.0,0.0,low,1,Night
GR19,Shivaji Park,Green Line,2024-05-09 02:00:00,2,3,0,0,0,35.1,0.0,Clear,1,Tagore Jayanti,0,0,0.0,0.0,low,1,Night
GR19,Shivaji Park,Green Line,2024-05-09 03:00:00,3,3,0,0,0,37.0,0.0,Clear,1,Tagore Jayanti,0,0,0.0,0.0,low,1,Night
GR19,Shivaji Park,Green Line,2024-05-09 04:00:00,4,3,0,0,0,36.4,0.0,Clear,1,Tagore Jayanti,0,0,0.0,0.0,low,1,Night
GR19,Shivaji Park,Green Line,2024-05-09 05:00:00,5,3,0,0,0,34.7,0.0,Clear,1,Tagore Jayanti,0,0,0.0,0.0,low,1,Night
GR19,Shivaji Park,Green Line,2024-05-09 06:00:00,6,3,0,35,4,35.9,0.0,Clear,1,Tagore Jayanti,35,0,8.8,0.278,low,2,Night
GR19,Shivaji Park,Green Line,2024-05-09 07:00:00,7,3,0,132,6,39.9,0.0,Clear,1,Tagore Jayanti,167,0,22.0,0.696,high,4,Night
GR19,Shivaji Park,Green Line,2024-05-09 08:00:00,8,3,0,369,14,41.6,0.0,Hot,1,Tagore Jayanti,536,1,26.4,0.835,high,5,Morning Peak
GR19,Shivaji Park,Green Line,2024-05-09 09:00:00,9,3,0,422,14,42.6,0.0,Hot,1,Tagore Jayanti,923,1,30.1,0.953,high,5,Morning Peak
GR19,Shivaji Park,Green Line,2024-05-09 10:00:00,10,3,0,311,14,42.9,0.0,Hot,1,Tagore Jayanti,1102,1,22.2,0.703,high,4,Morning Peak
GR19,Shivaji Park,Green Line,2024-05-09 11:00:00,11,3,0,202,7,42.1,0.0,Hot,1,Tagore Jayanti,935,0,28.9,0.915,high,5,Mid Morning
GR19,Shivaji Park,Green Line,2024-05-09 12:00:00,12,3,0,197,7,41.0,0.0,Hot,1,Tagore Jayanti,710,0,28.1,0.889,high,5,Mid Morning
GR19,Shivaji Park,Green Line,2024-05-09 13:00:00,13,3,0,178,7,39.6,0.0,Clear,1,Tagore Jayanti,577,0,25.4,0.804,high,5,Mid Morning
GR19,Shivaji Park,Green Line,2024-05-09 14:00:00,14,3,0,179,7,36.3,0.0,Clear,1,Tagore Jayanti,554,0,25.6,0.81,high,5,Afternoon
GR19,Shivaji Park,Green Line,2024-05-09 15:00:00,15,3,0,201,7,35.4,0.0,Clear,1,Tagore Jayanti,558,0,28.7,0.908,high,5,Afternoon
GR19,Shivaji Park,Green Line,2024-05-09 16:00:00,16,3,0,221,7,33.3,0.0,Clear,1,Tagore Jayanti,601,0,31.6,1.0,high,5,Afternoon
GR19,Shivaji Park,Green Line,2024-05-09 17:00:00,17,3,0,368,13,33.5,0.0,Clear,1,Tagore Jayanti,790,1,28.3,0.896,high,5,Evening Peak
GR19,Shivaji Park,Green Line,2024-05-09 18:00:00,18,3,0,426,13,33.3,0.0,Clear,1,Tagore Jayanti,1015,1,32.8,1.0,high,5,Evening Peak
GR19,Shivaji Park,Green Line,2024-05-09 19:00:00,19,3,0,408,13,32.1,0.0,Clear,1,Tagore Jayanti,1202,1,31.4,0.994,high,5,Evening Peak
GR19,Shivaji Park,Green Line,2024-05-09 20:00:00,20,3,0,295,13,30.5,0.0,Clear,1,Tagore Jayanti,1129,1,22.7,0.718,high,4,Evening Peak
GR19,Shivaji Park,Green Line,2024-05-09 21:00:00,21,3,0,126,5,31.8,0.0,Clear,1,Tagore Jayanti,829,0,25.2,0.797,high,5,Night
GR19,Shivaji Park,Green Line,2024-05-09 22:00:00,22,3,0,56,5,30.9,0.0,Clear,1,Tagore Jayanti,477,0,11.2,0.354,medium,3,Night
GR19,Shivaji Park,Green Line,2024-05-09 23:00:00,23,3,0,16,0,31.6,0.0,Clear,1,Tagore Jayanti,198,0,0.0,0.0,low,1,Night
GR19,Shivaji Park,Green Line,2024-05-10 00:00:00,0,4,0,0,0,33.2,0.0,Clear,0,,72,0,0.0,0.0,low,1,Night
GR19,Shivaji Park,Green Line,2024-05-10 01:00:00,1,4,0,0,0,34.5,0.0,Clear,0,,16,0,0.0,0.0,low,1,Night
GR19,Shivaji Park,Green Line,2024-05-10 02:00:00,2,4,0,0,0,34.7,0.0,Clear,0,,0,0,0.0,0.0,low,1,Night
GR19,Shivaji Park,Green Line,2024-05-10 03:00:00,3,4,0,0,0,35.5,0.0,Clear,0,,0,0,0.0,0.0,low,1,Night
GR19,Shivaji Park,Green Line,2024-05-10 04:00:00,4,4,0,0,0,37.6,0.0,Clear,0,,0,0,0.0,0.0,low,1,Night
GR19,Shivaji Park,Green Line,2024-05-10 05:00:00,5,4,0,0,0,35.4,0.0,Clear,0,,0,0,0.0,0.0,low,1,Night
GR19,Shivaji Park,Green Line,2024-05-10 06:00:00,6,4,0,32,4,36.5,0.0,Clear,0,,32,0,8.0,0.253,low,2,Night
GR19,Shivaji Park,Green Line,2024-05-10 07:00:00,7,4,0,125,6,40.4,0.0,Hot,0,,157,0,20.8,0.658,high,4,Night
GR19,Shivaji Park,Green Line,2024-05-10 08:00:00,8,4,0,371,14,41.5,0.0,Hot,0,,528,1,26.5,0.839,high,5,Morning Peak
GR19,Shivaji Park,Green Line,2024-05-10 09:00:00,9,4,0,424,14,43.6,0.0,Hot,0,,920,1,30.3,0.959,high,5,Morning Peak
GR19,Shivaji Park,Green Line,2024-05-10 10:00:00,10,4,0,278,14,43.0,0.0,Hot,0,,1073,1,19.9,0.63,medium,4,Morning Peak
GR19,Shivaji Park,Green Line,2024-05-10 11:00:00,11,4,0,212,7,42.3,0.0,Hot,0,,914,0,30.3,0.959,high,5,Mid Morning
GR19,Shivaji Park,Green Line,2024-05-10 12:00:00,12,4,0,193,7,41.2,0.0,Hot,0,,683,0,27.6,0.873,high,5,Mid Morning
GR19,Shivaji Park,Green Line,2024-05-10 13:00:00,13,4,0,191,7,39.6,0.0,Clear,0,,596,0,27.3,0.864,high,5,Mid Morning
GR19,Shivaji Park,Green Line,2024-05-10 14:00:00,14,4,0,161,7,36.2,0.0,Clear,0,,545,0,23.0,0.728,high,4,Afternoon
GR19,Shivaji Park,Green Line,2024-05-10 15:00:00,15,4,0,191,7,35.3,0.0,Cloudy,0,,543,0,27.3,0.864,high,5,Afternoon
GR19,Shivaji Park,Green Line,2024-05-10 16:00:00,16,4,0,208,7,34.1,0.0,Cloudy,0,,560,0,29.7,0.94,high,5,Afternoon
GR19,Shivaji Park,Green Line,2024-05-10 17:00:00,17,4,0,348,13,33.7,0.0,Clear,0,,747,1,26.8,0.848,high,5,Evening Peak
GR19,Shivaji Park,Green Line,2024-05-10 18:00:00,18,4,0,381,13,33.7,0.0,Clear,0,,937,1,29.3,0.927,high,5,Evening Peak
GR19,Shivaji Park,Green Line,2024-05-10 19:00:00,19,4,0,355,13,33.8,0.0,Clear,0,,1084,1,27.3,0.864,high,5,Evening Peak
GR19,Shivaji Park,Green Line,2024-05-10 20:00:00,20,4,0,264,13,32.3,0.0,Clear,0,,1000,1,20.3,0.642,medium,4,Evening Peak
GR19,Shivaji Park,Green Line,2024-05-10 21:00:00,21,4,0,127,5,31.3,0.0,Clear,0,,746,0,25.4,0.804,high,5,Night
GR19,Shivaji Park,Green Line,2024-05-10 22:00:00,22,4,0,56,5,31.5,0.0,Clear,0,,447,0,11.2,0.354,medium,3,Night
GR19,Shivaji Park,Green Line,2024-05-10 23:00:00,23,4,0,17,0,31.7,0.0,Clear,0,,200,0,0.0,0.0,low,1,Night
GR19,Shivaji Park,Green Line,2024-05-11 00:00:00,0,5,1,0,0,35.0,0.0,Clear,0,,73,0,0.0,0.0,low,1,Night
GR19,Shivaji Park,Green Line,2024-05-11 01:00:00,1,5,1,0,0,35.3,0.0,Clear,0,,17,0,0.0,0.0,low,1,Night
GR19,Shivaji Park,Green Line,2024-05-11 02:00:00,2,5,1,0,0,34.6,0.0,Clear,0,,0,0,0.0,0.0,low,1,Night
GR19,Shivaji Park,Green Line,2024-05-11 03:00:00,3,5,1,0,0,37.2,0.0,Clear,0,,0,0,0.0,0.0,low,1,Night
GR19,Shivaji Park,Green Line,2024-05-11 04:00:00,4,5,1,0,0,35.1,0.0,Clear,0,,0,0,0.0,0.0,low,1,Night
GR19,Shivaji Park,Green Line,2024-05-11 05:00:00,5,5,1,0,0,34.3,0.0,Clear,0,,0,0,0.0,0.0,low,1,Night
GR19,Shivaji Park,Green Line,2024-05-11 06:00:00,6,5,1,24,4,37.0,0.0,Clear,0,,24,0,6.0,0.19,low,2,Night
GR19,Shivaji Park,Green Line,2024-05-11 07:00:00,7,5,1,93,6,37.7,0.0,Clear,0,,117,0,15.5,0.491,medium,3,Night
GR19,Shivaji Park,Green Line,2024-05-11 08:00:00,8,5,1,269,14,42.1,0.0,Hot,0,,386,1,19.2,0.608,medium,4,Morning Peak
GR19,Shivaji Park,Green Line,2024-05-11 09:00:00,9,5,1,308,14,42.3,0.0,Hot,0,,670,1,22.0,0.696,high,4,Morning Peak
GR19,Shivaji Park,Green Line,2024-05-11 10:00:00,10,5,1,211,14,43.1,0.0,Hot,0,,788,1,15.1,0.478,medium,3,Morning Peak
GR19,Shivaji Park,Green Line,2024-05-11 11:00:00,11,5,1,150,7,42.1,0.0,Hot,0,,669,0,21.4,0.677,high,4,Mid Morning
GR19,Shivaji Park,Green Line,2024-05-11 12:00:00,12,5,1,142,7,42.2,0.0,Hot,0,,503,0,20.3,0.642,medium,4,Mid Morning
GR19,Shivaji Park,Green Line,2024-05-11 13:00:00,13,5,1,123,7,42.1,0.0,Hot,0,,415,0,17.6,0.557,medium,4,Mid Morning
GR19,Shivaji Park,Green Line,2024-05-11 14:00:00,14,5,1,112,7,37.3,0.0,Clear,0,,377,0,16.0,0.506,medium,3,Afternoon
GR19,Shivaji Park,Green Line,2024-05-11 15:00:00,15,5,1,130,7,34.1,0.0,Clear,0,,365,0,18.6,0.589,medium,4,Afternoon
GR19,Shivaji Park,Green Line,2024-05-11 16:00:00,16,5,1,168,7,34.3,0.0,Clear,0,,410,0,24.0,0.759,high,5,Afternoon
GR19,Shivaji Park,Green Line,2024-05-11 17:00:00,17,5,1,249,13,33.0,0.0,Cloudy,0,,547,1,19.2,0.608,medium,4,Evening Peak
GR19,Shivaji Park,Green Line,2024-05-11 18:00:00,18,5,1,268,13,34.0,0.0,Cloudy,0,,685,1,20.6,0.652,high,4,Evening Peak
GR19,Shivaji Park,Green Line,2024-05-11 19:00:00,19,5,1,270,13,33.7,0.0,Clear,0,,787,1,20.8,0.658,high,4,Evening Peak
GR19,Shivaji Park,Green Line,2024-05-11 20:00:00,20,5,1,194,13,32.3,0.0,Clear,0,,732,1,14.9,0.472,medium,3,Evening Peak
GR19,Shivaji Park,Green Line,2024-05-11 21:00:00,21,5,1,89,5,31.4,0.0,Clear,0,,553,0,17.8,0.563,medium,4,Night
GR19,Shivaji Park,Green Line,2024-05-11 22:00:00,22,5,1,40,5,32.4,0.0,Clear,0,,323,0,8.0,0.253,low,2,Night
GR19,Shivaji Park,Green Line,2024-05-11 23:00:00,23,5,1,11,0,32.2,0.0,Clear,0,,140,0,0.0,0.0,low,1,Night
GR19,Shivaji Park,Green Line,2024-05-12 00:00:00,0,6,1,0,0,35.1,0.0,Clear,0,,51,0,0.0,0.0,low,1,Night
GR19,Shivaji Park,Green Line,2024-05-12 01:00:00,1,6,1,0,0,35.2,0.0,Clear,0,,11,0,0.0,0.0,low,1,Night
GR19,Shivaji Park,Green Line,2024-05-12 02:00:00,2,6,1,0,0,36.6,0.0,Clear,0,,0,0,0.0,0.0,low,1,Night
GR19,Shivaji Park,Green Line,2024-05-12 03:00:00,3,6,1,0,0,37.5,0.0,Clear,0,,0,0,0.0,0.0,low,1,Night
GR19,Shivaji Park,Green Line,2024-05-12 04:00:00,4,6,1,0,0,36.6,0.0,Clear,0,,0,0,0.0,0.0,low,1,Night
GR19,Shivaji Park,Green Line,2024-05-12 05:00:00,5,6,1,0,0,35.9,0.0,Clear,0,,0,0,0.0,0.0,low,1,Night
GR19,Shivaji Park,Green Line,2024-05-12 06:00:00,6,6,1,24,4,38.5,0.0,Clear,0,,24,0,6.0,0.19,low,2,Night
GR19,Shivaji Park,Green Line,2024-05-12 07:00:00,7,6,1,84,6,39.8,0.0,Clear,0,,108,0,14.0,0.443,medium,3,Night
GR19,Shivaji Park,Green Line,2024-05-12 08:00:00,8,6,1,261,14,41.7,0.0,Hot,0,,369,1,18.6,0.589,medium,4,Morning Peak
GR19,Shivaji Park,Green Line,2024-05-12 09:00:00,9,6,1,301,14,42.2,0.0,Hot,0,,646,1,21.5,0.68,high,4,Morning Peak
GR19,Shivaji Park,Green Line,2024-05-12 10:00:00,10,6,1,209,14,43.3,0.0,Hot,0,,771,1,14.9,0.472,medium,3,Morning Peak
GR19,Shivaji Park,Green Line,2024-05-12 11:00:00,11,6,1,150,7,42.0,0.0,Hot,0,,660,0,21.4,0.677,high,4,Mid Morning
GR19,Shivaji Park,Green Line,2024-05-12 12:00:00,12,6,1,141,7,42.0,0.0,Hot,0,,500,0,20.1,0.636,medium,4,Mid Morning
GR19,Shivaji Park,Green Line,2024-05-12 13:00:00,13,6,1,134,7,40.0,0.0,Clear,0,,425,0,19.1,0.604,medium,4,Mid Morning
GR19,Shivaji Park,Green Line,2024-05-12 14:00:00,14,6,1,126,7,36.7,0.0,Clear,0,,401,0,18.0,0.57,medium,4,Afternoon
GR19,Shivaji Park,Green Line,2024-05-12 15:00:00,15,6,1,136,7,34.4,0.0,Clear,0,,396,0,19.4,0.614,medium,4,Afternoon
GR19,Shivaji Park,Green Line,2024-05-12 16:00:00,16,6,1,166,7,35.7,0.0,Clear,0,,428,0,23.7,0.75,high,5,Afternoon
GR19,Shivaji Park,Green Line,2024-05-12 17:00:00,17,6,1,267,13,33.9,0.0,Clear,0,,569,1,20.5,0.649,medium,4,Evening Peak
GR19,Shivaji Park,Green Line,2024-05-12 18:00:00,18,6,1,292,13,33.2,0.0,Clear,0,,725,1,22.5,0.712,high,4,Evening Peak
GR19,Shivaji Park,Green Line,2024-05-12 19:00:00,19,6,1,260,13,31.5,0.0,Clear,0,,819,1,20.0,0.633,medium,4,Evening Peak
GR19,Shivaji Park,Green Line,2024-05-12 20:00:00,20,6,1,192,13,33.7,0.0,Clear,0,,744,1,14.8,0.468,medium,3,Evening Peak
GR19,Shivaji Park,Green Line,2024-05-12 21:00:00,21,6,1,85,5,33.8,0.0,Clear,0,,537,0,17.0,0.538,medium,3,Night
GR19,Shivaji Park,Green Line,2024-05-12 22:00:00,22,6,1,40,5,33.2,0.0,Cloudy,0,,317,0,8.0,0.253,low,2,Night
GR19,Shivaji Park,Green Line,2024-05-12 23:00:00,23,6,1,12,0,31.9,0.0,Clear,0,,137,0,0.0,0.0,low,1,Night
GR19,Shivaji Park,Green Line,2024-05-13 00:00:00,0,0,0,0,0,35.9,0.0,Clear,0,,52,0,0.0,0.0,low,1,Night
GR19,Shivaji Park,Green Line,2024-05-13 01:00:00,1,0,0,0,0,36.4,0.0,Clear,0,,12,0,0.0,0.0,low,1,Night
GR19,Shivaji Park,Green Line,2024-05-13 02:00:00,2,0,0,0,0,35.5,0.0,Clear,0,,0,0,0.0,0.0,low,1,Night
GR19,Shivaji Park,Green Line,2024-05-13 03:00:00,3,0,0,0,0,36.3,0.0,Clear,0,,0,0,0.0,0.0,low,1,Night
GR19,Shivaji Park,Green Line,2024-05-13 04:00:00,4,0,0,0,0,37.5,0.0,Clear,0,,0,0,0.0,0.0,low,1,Night
GR19,Shivaji Park,Green Line,2024-05-13 05:00:00,5,0,0,0,0,34.5,0.0,Cloudy,0,,0,0,0.0,0.0,low,1,Night
GR19,Shivaji Park,Green Line,2024-05-13 06:00:00,6,0,0,31,4,37.8,0.0,Clear,0,,31,0,7.8,0.247,low,2,Night
GR19,Shivaji Park,Green Line,2024-05-13 07:00:00,7,0,0,123,6,41.5,0.0,Hot,0,,154,0,20.5,0.649,medium,4,Night
GR19,Shivaji Park,Green Line,2024-05-13 08:00:00,8,0,0,373,14,40.5,0.0,Hot,0,,527,1,26.6,0.842,high,5,Morning Peak
GR19,Shivaji Park,Green Line,2024-05-13 09:00:00,9,0,0,462,14,42.8,0.0,Hot,0,,958,1,33.0,1.0,high,5,Morning Peak
GR19,Shivaji Park,Green Line,2024-05-13 10:00:00,10,0,0,280,14,43.7,0.0,Hot,0,,1115,1,20.0,0.633,medium,4,Morning Peak
GR19,Shivaji Park,Green Line,2024-05-13 11:00:00,11,0,0,202,7,43.7,0.0,Hot,0,,944,0,28.9,0.915,high,5,Mid Morning
GR19,Shivaji Park,Green Line,2024-05-13 12:00:00,12,0,0,198,7,41.7,0.0,Hot,0,,680,0,28.3,0.896,high,5,Mid Morning
GR19,Shivaji Park,Green Line,2024-05-13 13:00:00,13,0,0,188,7,39.8,0.0,Clear,0,,588,0,26.9,0.851,high,5,Mid Morning
GR19,Shivaji Park,Green Line,2024-05-13 14:00:00,14,0,0,180,7,38.0,0.0,Cloudy,0,,566,0,25.7,0.813,high,5,Afternoon
GR19,Shivaji Park,Green Line,2024-05-13 15:00:00,15,0,0,196,7,36.8,0.0,Cloudy,0,,564,0,28.0,0.886,high,5,Afternoon
GR19,Shivaji Park,Green Line,2024-05-13 16:00:00,16,0,0,231,7,34.6,0.0,Clear,0,,607,0,33.0,1.0,high,5,Afternoon
GR19,Shivaji Park,Green Line,2024-05-13 17:00:00,17,0,0,317,13,33.8,0.0,Clear,0,,744,1,24.4,0.772,high,5,Evening Peak
GR19,Shivaji Park,Green Line,2024-05-13 18:00:00,18,0,0,368,13,32.9,0.0,Clear,0,,916,1,28.3,0.896,high,5,Evening Peak
GR19,Shivaji Park,Green Line,2024-05-13 19:00:00,19,0,0,352,13,33.1,0.0,Clear,0,,1037,1,27.1,0.858,high,5,Evening Peak
GR19,Shivaji Park,Green Line,2024-05-13 20:00:00,20,0,0,262,13,33.1,0.0,Clear,0,,982,1,20.2,0.639,medium,4,Evening Peak
GR19,Shivaji Park,Green Line,2024-05-13 21:00:00,21,0,0,124,5,33.0,0.0,Clear,0,,738,0,24.8,0.785,high,5,Night
GR19,Shivaji Park,Green Line,2024-05-13 22:00:00,22,0,0,50,5,33.7,0.0,Clear,0,,436,0,10.0,0.316,low,2,Night
GR19,Shivaji Park,Green Line,2024-05-13 23:00:00,23,0,0,15,0,34.2,0.0,Clear,0,,189,0,0.0,0.0,low,1,Night
GR19,Shivaji Park,Green Line,2024-05-14 00:00:00,0,1,0,0,0,33.0,0.0,Clear,0,,65,0,0.0,0.0,low,1,Night
GR19,Shivaji Park,Green Line,2024-05-14 01:00:00,1,1,0,0,0,36.2,0.0,Clear,0,,15,0,0.0,0.0,low,1,Night
GR19,Shivaji Park,Green Line,2024-05-14 02:00:00,2,1,0,0,0,37.7,0.0,Clear,0,,0,0,0.0,0.0,low,1,Night
GR19,Shivaji Park,Green Line,2024-05-14 03:00:00,3,1,0,0,0,37.0,0.0,Clear,0,,0,0,0.0,0.0,low,1,Night
GR19,Shivaji Park,Green Line,2024-05-14 04:00:00,4,1,0,0,0,37.5,0.0,Clear,0,,0,0,0.0,0.0,low,1,Night
GR19,Shivaji Park,Green Line,2024-05-14 05:00:00,5,1,0,0,0,35.0,0.0,Clear,0,,0,0,0.0,0.0,low,1,Night
GR19,Shivaji Park,Green Line,2024-05-14 06:00:00,6,1,0,31,4,36.2,0.0,Clear,0,,31,0,7.8,0.247,low,2,Night
GR19,Shivaji Park,Green Line,2024-05-14 07:00:00,7,1,0,126,6,40.0,0.0,Clear,0,,157,0,21.0,0.665,high,4,Night
GR19,Shivaji Park,Green Line,2024-05-14 08:00:00,8,1,0,352,14,42.3,0.0,Hot,0,,509,1,25.1,0.794,high,5,Morning Peak
GR19,Shivaji Park,Green Line,2024-05-14 09:00:00,9,1,0,399,14,44.4,0.0,Hot,0,,877,1,28.5,0.902,high,5,Morning Peak
GR19,Shivaji Park,Green Line,2024-05-14 10:00:00,10,1,0,309,14,44.0,0.0,Hot,0,,1060,1,22.1,0.699,high,4,Morning Peak
GR19,Shivaji Park,Green Line,2024-05-14 11:00:00,11,1,0,191,7,44.0,0.0,Hot,0,,899,0,27.3,0.864,high,5,Mid Morning
GR19,Shivaji Park,Green Line,2024-05-14 12:00:00,12,1,0,188,7,41.9,0.0,Hot,0,,688,0,26.9,0.851,high,5,Mid Morning
GR19,Shivaji Park,Green Line,2024-05-14 13:00:00,13,1,0,193,7,38.3,0.0,Clear,0,,572,0,27.6,0.873,high,5,Mid Morning
GR19,Shivaji Park,Green Line,2024-05-14 14:00:00,14,1,0,170,7,38.6,0.0,Clear,0,,551,0,24.3,0.769,high,5,Afternoon
GR19,Shivaji Park,Green Line,2024-05-14 15:00:00,15,1,0,186,7,36.0,0.0,Clear,0,,549,0,26.6,0.842,high,5,Afternoon
GR19,Shivaji Park,Green Line,2024-05-14 16:00:00,16,1,0,224,7,34.8,0.0,Clear,0,,580,0,32.0,1.0,high,5,Afternoon
GR19,Shivaji Park,Green Line,2024-05-14 17:00:00,17,1,0,350,13,33.4,0.0,Clear,0,,760,1,26.9,0.851,high,5,Evening Peak
GR19,Shivaji Park,Green Line,2024-05-14 18:00:00,18,1,0,393,13,33.6,0.0,Clear,0,,967,1,30.2,0.956,high,5,Evening Peak
GR19,Shivaji Park,Green Line,2024-05-14 19:00:00,19,1,0,388,13,33.1,0.0,Clear,0,,1131,1,29.8,0.943,high,5,Evening Peak
GR19,Shivaji Park,Green Line,2024-05-14 20:00:00,20,1,0,266,13,33.2,0.0,Clear,0,,1047,1,20.5,0.649,medium,4,Evening Peak
GR19,Shivaji Park,Green Line,2024-05-14 21:00:00,21,1,0,123,5,33.2,0.0,Clear,0,,777,0,24.6,0.778,high,5,Night
GR19,Shivaji Park,Green Line,2024-05-14 22:00:00,22,1,0,55,5,33.9,0.0,Clear,0,,444,0,11.0,0.348,low,2,Night
GR19,Shivaji Park,Green Line,2024-05-14 23:00:00,23,1,0,17,0,33.4,0.0,Clear,0,,195,0,0.0,0.0,low,1,Night
GR19,Shivaji Park,Green Line,2024-05-15 00:00:00,0,2,0,0,0,34.5,0.0,Clear,0,,72,0,0.0,0.0,low,1,Night
GR19,Shivaji Park,Green Line,2024-05-15 01:00:00,1,2,0,0,0,35.2,0.0,Clear,0,,17,0,0.0,0.0,low,1,Night
GR19,Shivaji Park,Green Line,2024-05-15 02:00:00,2,2,0,0,0,37.4,0.0,Clear,0,,0,0,0.0,0.0,low,1,Night
GR19,Shivaji Park,Green Line,2024-05-15 03:00:00,3,2,0,0,0,35.7,0.0,Clear,0,,0,0,0.0,0.0,low,1,Night
GR19,Shivaji Park,Green Line,2024-05-15 04:00:00,4,2,0,0,0,36.3,0.0,Clear,0,,0,0,0.0,0.0,low,1,Night
GR19,Shivaji Park,Green Line,2024-05-15 05:00:00,5,2,0,0,0,36.2,0.0,Clear,0,,0,0,0.0,0.0,low,1,Night
GR19,Shivaji Park,Green Line,2024-05-15 06:00:00,6,2,0,31,4,39.5,0.0,Clear,0,,31,0,7.8,0.247,low,2,Night
GR19,Shivaji Park,Green Line,2024-05-15 07:00:00,7,2,0,121,6,40.5,0.0,Hot,0,,152,0,20.2,0.639,medium,4,Night
GR19,Shivaji Park,Green Line,2024-05-15 08:00:00,8,2,0,396,14,42.5,0.0,Hot,0,,548,1,28.3,0.896,high,5,Morning Peak
GR19,Shivaji Park,Green Line,2024-05-15 09:00:00,9,2,0,465,14,44.1,0.0,Hot,0,,982,1,33.2,1.0,high,5,Morning Peak
GR19,Shivaji Park,Green Line,2024-05-15 10:00:00,10,2,0,310,14,44.5,0.0,Hot,0,,1171,1,22.1,0.699,high,4,Morning Peak
GR19,Shivaji Park,Green Line,2024-05-15 11:00:00,11,2,0,202,7,44.4,0.0,Hot,0,,977,0,28.9,0.915,high,5,Mid Morning
GR19,Shivaji Park,Green Line,2024-05-15 12:00:00,12,2,0,194,7,41.2,0.0,Hot,0,,706,0,27.7,0.877,high,5,Mid Morning
GR19,Shivaji Park,Green Line,2024-05-15 13:00:00,13,2,0,168,7,39.7,0.0,Cloudy,0,,564,0,24.0,0.759,high,5,Mid Morning
GR19,Shivaji Park,Green Line,2024-05-15 14:00:00,14,2,0,170,7,39.9,0.0,Clear,0,,532,0,24.3,0.769,high,5,Afternoon
GR19,Shivaji Park,Green Line,2024-05-15 15:00:00,15,2,0,180,7,35.5,0.0,Clear,0,,518,0,25.7,0.813,high,5,Afternoon
GR19,Shivaji Park,Green Line,2024-05-15 16:00:00,16,2,0,228,7,35.6,0.0,Clear,0,,578,0,32.6,1.0,high,5,Afternoon
GR19,Shivaji Park,Green Line,2024-05-15 17:00:00,17,2,0,322,13,33.6,0.0,Clear,0,,730,1,24.8,0.785,high,5,Evening Peak
GR19,Shivaji Park,Green Line,2024-05-15 18:00:00,18,2,0,422,13,35.4,0.0,Clear,0,,972,1,32.5,1.0,high,5,Evening Peak
GR19,Shivaji Park,Green Line,2024-05-15 19:00:00,19,2,0,361,13,32.7,0.0,Clear,0,,1105,1,27.8,0.88,high,5,Evening Peak
GR19,Shivaji Park,Green Line,2024-05-15 20:00:00,20,2,0,276,13,34.7,0.0,Clear,0,,1059,1,21.2,0.671,high,4,Evening Peak
GR19,Shivaji Park,Green Line,2024-05-15 21:00:00,21,2,0,114,5,30.6,0.0,Clear,0,,751,0,22.8,0.722,high,4,Night
GR19,Shivaji Park,Green Line,2024-05-15 22:00:00,22,2,0,53,5,33.6,0.0,Clear,0,,443,0,10.6,0.335,low,2,Night
GR19,Shivaji Park,Green Line,2024-05-15 23:00:00,23,2,0,15,0,32.1,0.0,Clear,0,,182,0,0.0,0.0,low,1,Night
GR19,Shivaji Park,Green Line,2024-05-16 00:00:00,0,3,0,0,0,36.5,0.0,Clear,0,,68,0,0.0,0.0,low,1,Night
GR19,Shivaji Park,Green Line,2024-05-16 01:00:00,1,3,0,0,0,37.7,0.0,Clear,0,,15,0,0.0,0.0,low,1,Night
GR19,Shivaji Park,Green Line,2024-05-16 02:00:00,2,3,0,0,0,36.0,0.0,Clear,0,,0,0,0.0,0.0,low,1,Night
GR19,Shivaji Park,Green Line,2024-05-16 03:00:00,3,3,0,0,0,35.9,0.0,Clear,0,,0,0,0.0,0.0,low,1,Night
GR19,Shivaji Park,Green Line,2024-05-16 04:00:00,4,3,0,0,0,36.9,0.0,Clear,0,,0,0,0.0,0.0,low,1,Night
GR19,Shivaji Park,Green Line,2024-05-16 05:00:00,5,3,0,0,0,37.1,0.0,Clear,0,,0,0,0.0,0.0,low,1,Night
GR19,Shivaji Park,Green Line,2024-05-16 06:00:00,6,3,0,34,4,39.4,0.0,Clear,0,,34,0,8.5,0.269,low,2,Night
GR19,Shivaji Park,Green Line,2024-05-16 07:00:00,7,3,0,112,6,41.1,0.0,Hot,0,,146,0,18.7,0.592,medium,4,Night
GR19,Shivaji Park,Green Line,2024-05-16 08:00:00,8,3,0,371,14,41.1,0.0,Hot,0,,517,1,26.5,0.839,high,5,Morning Peak
GR19,Shivaji Park,Green Line,2024-05-16 09:00:00,9,3,0,456,14,42.8,0.0,Hot,0,,939,1,32.6,1.0,high,5,Morning Peak
GR19,Shivaji Park,Green Line,2024-05-16 10:00:00,10,3,0,282,14,43.3,0.0,Hot,0,,1109,1,20.1,0.636,medium,4,Morning Peak
GR19,Shivaji Park,Green Line,2024-05-16 11:00:00,11,3,0,192,7,45.0,0.0,Hot,0,,930,0,27.4,0.867,high,5,Mid Morning
GR19,Shivaji Park,Green Line,2024-05-16 12:00:00,12,3,0,187,7,41.8,0.0,Hot,0,,661,0,26.7,0.845,high,5,Mid Morning
GR19,Shivaji Park,Green Line,2024-05-16 13:00:00,13,3,0,183,7,40.8,0.0,Hot,0,,562,0,26.1,0.826,high,5,Mid Morning
GR19,Shivaji Park,Green Line,2024-05-16 14:00:00,14,3,0,165,7,38.2,0.0,Clear,0,,535,0,23.6,0.747,high,4,Afternoon
GR19,Shivaji Park,Green Line,2024-05-16 15:00:00,15,3,0,184,7,36.2,0.0,Clear,0,,532,0,26.3,0.832,high,5,Afternoon
GR19,Shivaji Park,Green Line,2024-05-16 16:00:00,16,3,0,214,7,35.2,0.0,Clear,0,,563,0,30.6,0.968,high,5,Afternoon
GR19,Shivaji Park,Green Line,2024-05-16 17:00:00,17,3,0,329,13,34.2,0.0,Clear,0,,727,1,25.3,0.801,high,5,Evening Peak
GR19,Shivaji Park,Green Line,2024-05-16 18:00:00,18,3,0,404,13,32.6,0.0,Clear,0,,947,1,31.1,0.984,high,5,Evening Peak
GR19,Shivaji Park,Green Line,2024-05-16 19:00:00,19,3,0,374,13,33.9,0.0,Clear,0,,1107,1,28.8,0.911,high,5,Evening Peak
GR19,Shivaji Park,Green Line,2024-05-16 20:00:00,20,3,0,251,13,33.0,0.0,Clear,0,,1029,1,19.3,0.611,medium,4,Evening Peak
GR19,Shivaji Park,Green Line,2024-05-16 21:00:00,21,3,0,118,5,33.6,0.0,Clear,0,,743,0,23.6,0.747,high,4,Night
GR19,Shivaji Park,Green Line,2024-05-16 22:00:00,22,3,0,52,5,33.1,0.0,Clear,0,,421,0,10.4,0.329,low,2,Night
GR19,Shivaji Park,Green Line,2024-05-16 23:00:00,23,3,0,16,0,33.1,0.0,Clear,0,,186,0,0.0,0.0,low,1,Night
GR19,Shivaji Park,Green Line,2024-05-17 00:00:00,0,4,0,0,0,36.0,0.0,Clear,0,,68,0,0.0,0.0,low,1,Night
GR19,Shivaji Park,Green Line,2024-05-17 01:00:00,1,4,0,0,0,37.6,0.0,Clear,0,,16,0,0.0,0.0,low,1,Night
GR19,Shivaji Park,Green Line,2024-05-17 02:00:00,2,4,0,0,0,37.0,0.0,Clear,0,,0,0,0.0,0.0,low,1,Night
GR19,Shivaji Park,Green Line,2024-05-17 03:00:00,3,4,0,0,0,37.4,0.0,Clear,0,,0,0,0.0,0.0,low,1,Night
GR19,Shivaji Park,Green Line,2024-05-17 04:00:00,4,4,0,0,0,39.1,0.0,Clear,0,,0,0,0.0,0.0,low,1,Night
GR19,Shivaji Park,Green Line,2024-05-17 05:00:00,5,4,0,0,0,38.2,0.0,Clear,0,,0,0,0.0,0.0,low,1,Night
GR19,Shivaji Park,Green Line,2024-05-17 06:00:00,6,4,0,32,4,39.0,0.0,Clear,0,,32,0,8.0,0.253,low,2,Night
GR19,Shivaji Park,Green Line,2024-05-17 07:00:00,7,4,0,129,6,40.7,0.0,Hot,0,,161,0,21.5,0.68,high,4,Night
GR19,Shivaji Park,Green Line,2024-05-17 08:00:00,8,4,0,377,14,42.8,0.0,Hot,0,,538,1,26.9,0.851,high,5,Morning Peak
GR19,Shivaji Park,Green Line,2024-05-17 09:00:00,9,4,0,402,14,43.4,0.0,Hot,0,,908,1,28.7,0.908,high,5,Morning Peak
GR19,Shivaji Park,Green Line,2024-05-17 10:00:00,10,4,0,268,14,46.0,0.0,Hot,0,,1047,1,19.1,0.604,medium,4,Morning Peak
GR19,Shivaji Park,Green Line,2024-05-17 11:00:00,11,4,0,186,7,42.8,0.0,Hot,0,,856,0,26.6,0.842,high,5,Mid Morning
GR19,Shivaji Park,Green Line,2024-05-17 12:00:00,12,4,0,197,7,42.3,0.0,Hot,0,,651,0,28.1,0.889,high,5,Mid Morning
GR19,Shivaji Park,Green Line,2024-05-17 13:00:00,13,4,0,185,7,40.9,0.0,Hot,0,,568,0,26.4,0.835,high,5,Mid Morning
GR19,Shivaji Park,Green Line,2024-05-17 14:00:00,14,4,0,163,7,38.3,0.0,Clear,0,,545,0,23.3,0.737,high,4,Afternoon
GR19,Shivaji Park,Green Line,2024-05-17 15:00:00,15,4,0,197,7,36.2,0.0,Clear,0,,545,0,28.1,0.889,high,5,Afternoon
GR19,Shivaji Park,Green Line,2024-05-17 16:00:00,16,4,0,203,7,34.8,0.0,Clear,0,,563,0,29.0,0.918,high,5,Afternoon
GR19,Shivaji Park,Green Line,2024-05-17 17:00:00,17,4,0,334,13,34.2,0.0,Clear,0,,734,1,25.7,0.813,high,5,Evening Peak
GR19,Shivaji Park,Green Line,2024-05-17 18:00:00,18,4,0,388,13,33.8,0.0,Cloudy,0,,925,1,29.8,0.943,high,5,Evening Peak
GR19,Shivaji Park,Green Line,2024-05-17 19:00:00,19,4,0,374,13,33.3,0.0,Clear,0,,1096,1,28.8,0.911,high,5,Evening Peak
GR19,Shivaji Park,Green Line,2024-05-17 20:00:00,20,4,0,288,13,32.6,0.0,Clear,0,,1050,1,22.2,0.703,high,4,Evening Peak
GR19,Shivaji Park,Green Line,2024-05-17 21:00:00,21,4,0,113,5,33.8,0.0,Cloudy,0,,775,0,22.6,0.715,high,4,Night
GR19,Shivaji Park,Green Line,2024-05-17 22:00:00,22,4,0,55,5,33.1,0.0,Clear,0,,456,0,11.0,0.348,low,2,Night
GR19,Shivaji Park,Green Line,2024-05-17 23:00:00,23,4,0,16,0,34.0,0.0,Clear,0,,184,0,0.0,0.0,low,1,Night
GR19,Shivaji Park,Green Line,2024-05-18 00:00:00,0,5,1,0,0,35.8,0.0,Clear,0,,71,0,0.0,0.0,low,1,Night
GR19,Shivaji Park,Green Line,2024-05-18 01:00:00,1,5,1,0,0,36.8,0.0,Clear,0,,16,0,0.0,0.0,low,1,Night
GR19,Shivaji Park,Green Line,2024-05-18 02:00:00,2,5,1,0,0,36.7,0.0,Clear,0,,0,0,0.0,0.0,low,1,Night
GR19,Shivaji Park,Green Line,2024-05-18 03:00:00,3,5,1,0,0,38.0,0.0,Clear,0,,0,0,0.0,0.0,low,1,Night
GR19,Shivaji Park,Green Line,2024-05-18 04:00:00,4,5,1,0,0,38.4,0.0,Clear,0,,0,0,0.0,0.0,low,1,Night
GR19,Shivaji Park,Green Line,2024-05-18 05:00:00,5,5,1,0,0,36.8,0.0,Clear,0,,0,0,0.0,0.0,low,1,Night
GR19,Shivaji Park,Green Line,2024-05-18 06:00:00,6,5,1,24,4,39.1,0.0,Clear,0,,24,0,6.0,0.19,low,2,Night
GR19,Shivaji Park,Green Line,2024-05-18 07:00:00,7,5,1,92,6,43.2,0.0,Hot,0,,116,0,15.3,0.484,medium,3,Night
GR19,Shivaji Park,Green Line,2024-05-18 08:00:00,8,5,1,280,14,44.4,0.0,Hot,0,,396,1,20.0,0.633,medium,4,Morning Peak
GR19,Shivaji Park,Green Line,2024-05-18 09:00:00,9,5,1,334,14,43.1,0.0,Hot,0,,706,1,23.9,0.756,high,5,Morning Peak
GR19,Shivaji Park,Green Line,2024-05-18 10:00:00,10,5,1,196,14,43.4,0.0,Hot,0,,810,1,14.0,0.443,medium,3,Morning Peak
GR19,Shivaji Park,Green Line,2024-05-18 11:00:00,11,5,1,135,7,44.8,0.0,Hot,0,,665,0,19.3,0.611,medium,4,Mid Morning
GR19,Shivaji Park,Green Line,2024-05-18 12:00:00,12,5,1,136,7,46.0,2.6,Light Rain,0,,467,0,19.4,0.614,medium,4,Mid Morning
GR19,Shivaji Park,Green Line,2024-05-18 13:00:00,13,5,1,115,7,42.8,2.1,Light Rain,0,,386,0,16.4,0.519,medium,3,Mid Morning
GR19,Shivaji Park,Green Line,2024-05-18 14:00:00,14,5,1,111,7,39.3,0.8,Light Rain,0,,362,0,15.9,0.503,medium,3,Afternoon
GR19,Shivaji Park,Green Line,2024-05-18 15:00:00,15,5,1,135,7,38.0,1.2,Light Rain,0,,361,0,19.3,0.611,medium,4,Afternoon
GR19,Shivaji Park,Green Line,2024-05-18 16:00:00,16,5,1,155,7,36.1,1.2,Light Rain,0,,401,0,22.1,0.699,high,4,Afternoon
GR19,Shivaji Park,Green Line,2024-05-18 17:00:00,17,5,1,242,13,36.3,2.3,Light Rain,0,,532,1,18.6,0.589,medium,4,Evening Peak
GR19,Shivaji Park,Green Line,2024-05-18 18:00:00,18,5,1,287,13,34.2,0.5,Light Rain,0,,684,1,22.1,0.699,high,4,Evening Peak
GR19,Shivaji Park,Green Line,2024-05-18 19:00:00,19,5,1,260,13,34.5,1.1,Light Rain,0,,789,1,20.0,0.633,medium,4,Evening Peak
GR19,Shivaji Park,Green Line,2024-05-18 20:00:00,20,5,1,196,13,34.7,1.4,Light Rain,0,,743,1,15.1,0.478,medium,3,Evening Peak
GR19,Shivaji Park,Green Line,2024-05-18 21:00:00,21,5,1,86,5,33.6,0.0,Clear,0,,542,0,17.2,0.544,medium,3,Night
GR19,Shivaji Park,Green Line,2024-05-18 22:00:00,22,5,1,38,5,31.5,0.0,Clear,0,,320,0,7.6,0.241,low,2,Night
GR19,Shivaji Park,Green Line,2024-05-18 23:00:00,23,5,1,11,0,34.0,0.0,Clear,0,,135,0,0.0,0.0,low,1,Night
GR19,Shivaji Park,Green Line,2024-05-19 00:00:00,0,6,1,0,0,35.7,0.0,Clear,0,,49,0,0.0,0.0,low,1,Night
GR19,Shivaji Park,Green Line,2024-05-19 01:00:00,1,6,1,0,0,36.6,0.0,Clear,0,,11,0,0.0,0.0,low,1,Night
GR19,Shivaji Park,Green Line,2024-05-19 02:00:00,2,6,1,0,0,37.4,0.0,Clear,0,,0,0,0.0,0.0,low,1,Night
GR19,Shivaji Park,Green Line,2024-05-19 03:00:00,3,6,1,0,0,40.6,0.0,Hot,0,,0,0,0.0,0.0,low,1,Night
GR19,Shivaji Park,Green Line,2024-05-19 04:00:00,4,6,1,0,0,39.4,0.0,Clear,0,,0,0,0.0,0.0,low,1,Night
GR19,Shivaji Park,Green Line,2024-05-19 05:00:00,5,6,1,0,0,34.1,0.0,Clear,0,,0,0,0.0,0.0,low,1,Night
GR19,Shivaji Park,Green Line,2024-05-19 06:00:00,6,6,1,23,4,40.0,0.0,Clear,0,,23,0,5.8,0.184,low,2,Night
GR19,Shivaji Park,Green Line,2024-05-19 07:00:00,7,6,1,87,6,40.0,0.0,Cloudy,0,,110,0,14.5,0.459,medium,3,Night
GR19,Shivaji Park,Green Line,2024-05-19 08:00:00,8,6,1,266,14,41.9,0.0,Hot,0,,376,1,19.0,0.601,medium,4,Morning Peak
GR19,Shivaji Park,Green Line,2024-05-19 09:00:00,9,6,1,310,14,45.3,0.0,Hot,0,,663,1,22.1,0.699,high,4,Morning Peak
GR19,Shivaji Park,Green Line,2024-05-19 10:00:00,10,6,1,217,14,45.9,0.0,Hot,0,,793,1,15.5,0.491,medium,3,Morning Peak
GR19,Shivaji Park,Green Line,2024-05-19 11:00:00,11,6,1,144,7,44.6,0.0,Hot,0,,671,0,20.6,0.652,high,4,Mid Morning
GR19,Shivaji Park,Green Line,2024-05-19 12:00:00,12,6,1,134,7,42.4,0.9,Light Rain,0,,495,0,19.1,0.604,medium,4,Mid Morning
GR19,Shivaji Park,Green Line,2024-05-19 13:00:00,13,6,1,132,7,39.7,0.8,Light Rain,0,,410,0,18.9,0.598,medium,4,Mid Morning
GR19,Shivaji Park,Green Line,2024-05-19 14:00:00,14,6,1,109,7,38.5,1.1,Light Rain,0,,375,0,15.6,0.494,medium,3,Afternoon
GR19,Shivaji Park,Green Line,2024-05-19 15:00:00,15,6,1,120,7,37.1,0.3,Light Rain,0,,361,0,17.1,0.541,medium,3,Afternoon
GR19,Shivaji Park,Green Line,2024-05-19 16:00:00,16,6,1,155,7,36.4,0.5,Light Rain,0,,384,0,22.1,0.699,high,4,Afternoon
GR19,Shivaji Park,Green Line,2024-05-19 17:00:00,17,6,1,255,13,35.0,0.6,Light Rain,0,,530,1,19.6,0.62,medium,4,Evening Peak
GR19,Shivaji Park,Green Line,2024-05-19 18:00:00,18,6,1,270,13,35.1,0.4,Light Rain,0,,680,1,20.8,0.658,high,4,Evening Peak
GR19,Shivaji Park,Green Line,2024-05-19 19:00:00,19,6,1,250,13,33.3,1.1,Light Rain,0,,775,1,19.2,0.608,medium,4,Evening Peak
GR19,Shivaji Park,Green Line,2024-05-19 20:00:00,20,6,1,199,13,34.1,1.1,Light Rain,0,,719,1,15.3,0.484,medium,3,Evening Peak
GR19,Shivaji Park,Green Line,2024-05-19 21:00:00,21,6,1,91,5,34.6,0.0,Clear,0,,540,0,18.2,0.576,medium,4,Night
GR19,Shivaji Park,Green Line,2024-05-19 22:00:00,22,6,1,40,5,32.6,0.0,Clear,0,,330,0,8.0,0.253,low,2,Night
GR19,Shivaji Park,Green Line,2024-05-19 23:00:00,23,6,1,11,0,33.5,0.0,Clear,0,,142,0,0.0,0.0,low,1,Night
GR19,Shivaji Park,Green Line,2024-05-20 00:00:00,0,0,0,0,0,36.7,0.0,Clear,0,,51,0,0.0,0.0,low,1,Night
GR19,Shivaji Park,Green Line,2024-05-20 01:00:00,1,0,0,0,0,37.4,0.0,Clear,0,,11,0,0.0,0.0,low,1,Night
GR19,Shivaji Park,Green Line,2024-05-20 02:00:00,2,0,0,0,0,38.0,0.0,Cloudy,0,,0,0,0.0,0.0,low,1,Night
GR19,Shivaji Park,Green Line,2024-05-20 03:00:00,3,0,0,0,0,38.4,0.0,Clear,0,,0,0,0.0,0.0,low,1,Night
GR19,Shivaji Park,Green Line,2024-05-20 04:00:00,4,0,0,0,0,39.3,0.0,Cloudy,0,,0,0,0.0,0.0,low,1,Night
GR19,Shivaji Park,Green Line,2024-05-20 05:00:00,5,0,0,0,0,37.7,0.0,Clear,0,,0,0,0.0,0.0,low,1,Night
GR19,Shivaji Park,Green Line,2024-05-20 06:00:00,6,0,0,32,4,40.5,0.0,Hot,0,,32,0,8.0,0.253,low,2,Night
GR19,Shivaji Park,Green Line,2024-05-20 07:00:00,7,0,0,128,6,40.6,0.0,Hot,0,,160,0,21.3,0.674,high,4,Night
GR19,Shivaji Park,Green Line,2024-05-20 08:00:00,8,0,0,344,14,43.2,0.0,Hot,0,,504,1,24.6,0.778,high,5,Morning Peak
GR19,Shivaji Park,Green Line,2024-05-20 09:00:00,9,0,0,426,14,44.4,0.0,Hot,0,,898,1,30.4,0.962,high,5,Morning Peak
GR19,Shivaji Park,Green Line,2024-05-20 10:00:00,10,0,0,280,14,44.4,0.0,Hot,0,,1050,1,20.0,0.633,medium,4,Morning Peak
GR19,Shivaji Park,Green Line,2024-05-20 11:00:00,11,0,0,189,7,45.8,0.0,Hot,0,,895,0,27.0,0.854,high,5,Mid Morning
GR19,Shivaji Park,Green Line,2024-05-20 12:00:00,12,0,0,197,7,43.8,0.0,Hot,0,,666,0,28.1,0.889,high,5,Mid Morning
GR19,Shivaji Park,Green Line,2024-05-20 13:00:00,13,0,0,189,7,42.3,0.0,Hot,0,,575,0,27.0,0.854,high,5,Mid Morning
GR19,Shivaji Park,Green Line,2024-05-20 14:00:00,14,0,0,169,7,40.8,0.0,Hot,0,,555,0,24.1,0.763,high,5,Afternoon
GR19,Shivaji Park,Green Line,2024-05-20 15:00:00,15,0,0,177,7,37.5,0.0,Clear,0,,535,0,25.3,0.801,high,5,Afternoon
GR19,Shivaji Park,Green Line,2024-05-20 16:00:00,16,0,0,221,7,35.6,0.0,Dusty,0,,567,0,31.6,1.0,high,5,Afternoon
GR19,Shivaji Park,Green Line,2024-05-20 17:00:00,17,0,0,342,13,34.9,0.0,Clear,0,,740,1,26.3,0.832,high,5,Evening Peak
GR19,Shivaji Park,Green Line,2024-05-20 18:00:00,18,0,0,414,13,34.8,0.0,Clear,0,,977,1,31.8,1.0,high,5,Evening Peak
GR19,Shivaji Park,Green Line,2024-05-20 19:00:00,19,0,0,356,13,35.7,0.0,Clear,0,,1112,1,27.4,0.867,high,5,Evening Peak
GR19,Shivaji Park,Green Line,2024-05-20 20:00:00,20,0,0,263,13,33.4,0.0,Clear,0,,1033,1,20.2,0.639,medium,4,Evening Peak
GR19,Shivaji Park,Green Line,2024-05-20 21:00:00,21,0,0,126,5,33.2,0.0,Clear,0,,745,0,25.2,0.797,high,5,Night
GR19,Shivaji Park,Green Line,2024-05-20 22:00:00,22,0,0,56,5,33.7,0.0,Clear,0,,445,0,11.2,0.354,medium,3,Night
GR19,Shivaji Park,Green Line,2024-05-20 23:00:00,23,0,0,15,0,34.5,0.0,Clear,0,,197,0,0.0,0.0,low,1,Night
GR19,Shivaji Park,Green Line,2024-05-21 00:00:00,0,1,0,0,0,34.9,0.0,Clear,0,,71,0,0.0,0.0,low,1,Night
GR19,Shivaji Park,Green Line,2024-05-21 01:00:00,1,1,0,0,0,37.0,0.0,Clear,0,,15,0,0.0,0.0,low,1,Night
GR19,Shivaji Park,Green Line,2024-05-21 02:00:00,2,1,0,0,0,39.2,0.0,Clear,0,,0,0,0.0,0.0,low,1,Night
GR19,Shivaji Park,Green Line,2024-05-21 03:00:00,3,1,0,0,0,37.9,0.0,Clear,0,,0,0,0.0,0.0,low,1,Night
GR19,Shivaji Park,Green Line,2024-05-21 04:00:00,4,1,0,0,0,38.1,0.0,Clear,0,,0,0,0.0,0.0,low,1,Night
GR19,Shivaji Park,Green Line,2024-05-21 05:00:00,5,1,0,0,0,36.2,0.0,Clear,0,,0,0,0.0,0.0,low,1,Night
GR19,Shivaji Park,Green Line,2024-05-21 06:00:00,6,1,0,31,4,39.3,0.0,Cloudy,0,,31,0,7.8,0.247,low,2,Night
GR19,Shivaji Park,Green Line,2024-05-21 07:00:00,7,1,0,115,6,40.8,0.0,Hot,0,,146,0,19.2,0.608,medium,4,Night
GR19,Shivaji Park,Green Line,2024-05-21 08:00:00,8,1,0,340,14,42.9,0.0,Hot,0,,486,1,24.3,0.769,high,5,Morning Peak
GR19,Shivaji Park,Green Line,2024-05-21 09:00:00,9,1,0,404,14,44.9,0.0,Hot,0,,859,1,28.9,0.915,high,5,Morning Peak
GR19,Shivaji Park,Green Line,2024-05-21 10:00:00,10,1,0,296,14,43.6,0.0,Hot,0,,1040,1,21.1,0.668,high,4,Morning Peak
GR19,Shivaji Park,Green Line,2024-05-21 11:00:00,11,1,0,187,7,44.1,0.0,Hot,0,,887,0,26.7,0.845,high,5,Mid Morning
GR19,Shivaji Park,Green Line,2024-05-21 12:00:00,12,1,0,185,7,43.4,0.0,Hot,0,,668,0,26.4,0.835,high,5,Mid Morning
GR19,Shivaji Park,Green Line,2024-05-21 13:00:00,13,1,0,170,7,41.0,0.0,Hot,0,,542,0,24.3,0.769,high,5,Mid Morning
GR19,Shivaji Park,Green Line,2024-05-21 14:00:00,14,1,0,173,7,38.8,0.0,Clear,0,,528,0,24.7,0.782,high,5,Afternoon
GR19,Shivaji Park,Green Line,2024-05-21 15:00:00,15,1,0,197,7,36.5,0.0,Clear,0,,540,0,28.1,0.889,high,5,Afternoon
GR19,Shivaji Park,Green Line,2024-05-21 16:00:00,16,1,0,222,7,36.0,0.0,Clear,0,,592,0,31.7,1.0,high,5,Afternoon
GR19,Shivaji Park,Green Line,2024-05-21 17:00:00,17,1,0,328,13,35.7,0.0,Clear,0,,747,1,25.2,0.797,high,5,Evening Peak
GR19,Shivaji Park,Green Line,2024-05-21 18:00:00,18,1,0,410,13,36.3,0.0,Clear,0,,960,1,31.5,0.997,high,5,Evening Peak
GR19,Shivaji Park,Green Line,2024-05-21 19:00:00,19,1,0,371,13,33.5,0.0,Clear,0,,1109,1,28.5,0.902,high,5,Evening Peak
GR19,Shivaji Park,Green Line,2024-05-21 20:00:00,20,1,0,263,13,35.5,0.0,Clear,0,,1044,1,20.2,0.639,medium,4,Evening Peak
GR19,Shivaji Park,Green Line,2024-05-21 21:00:00,21,1,0,116,5,34.6,0.0,Cloudy,0,,750,0,23.2,0.734,high,4,Night
GR19,Shivaji Park,Green Line,2024-05-21 22:00:00,22,1,0,52,5,34.3,0.0,Clear,0,,431,0,10.4,0.329,low,2,Night
GR19,Shivaji Park,Green Line,2024-05-21 23:00:00,23,1,0,17,0,34.6,0.0,Clear,0,,185,0,0.0,0.0,low,1,Night
GR19,Shivaji Park,Green Line,2024-05-22 00:00:00,0,2,0,0,0,35.7,0.0,Clear,0,,69,0,0.0,0.0,low,1,Night
GR19,Shivaji Park,Green Line,2024-05-22 01:00:00,1,2,0,0,0,37.8,0.0,Clear,0,,17,0,0.0,0.0,low,1,Night
GR19,Shivaji Park,Green Line,2024-05-22 02:00:00,2,2,0,0,0,37.4,0.0,Clear,0,,0,0,0.0,0.0,low,1,Night
GR19,Shivaji Park,Green Line,2024-05-22 03:00:00,3,2,0,0,0,38.4,0.0,Clear,0,,0,0,0.0,0.0,low,1,Night
GR19,Shivaji Park,Green Line,2024-05-22 04:00:00,4,2,0,0,0,38.9,0.0,Clear,0,,0,0,0.0,0.0,low,1,Night
GR19,Shivaji Park,Green Line,2024-05-22 05:00:00,5,2,0,0,0,36.1,0.0,Clear,0,,0,0,0.0,0.0,low,1,Night
GR19,Shivaji Park,Green Line,2024-05-22 06:00:00,6,2,0,30,4,39.5,0.0,Clear,0,,30,0,7.5,0.237,low,2,Night
GR19,Shivaji Park,Green Line,2024-05-22 07:00:00,7,2,0,113,6,44.1,0.0,Hot,0,,143,0,18.8,0.595,medium,4,Night
GR19,Shivaji Park,Green Line,2024-05-22 08:00:00,8,2,0,363,14,43.0,0.0,Hot,0,,506,1,25.9,0.82,high,5,Morning Peak
GR19,Shivaji Park,Green Line,2024-05-22 09:00:00,9,2,0,426,14,45.1,0.0,Hot,0,,902,1,30.4,0.962,high,5,Morning Peak
GR19,Shivaji Park,Green Line,2024-05-22 10:00:00,10,2,0,311,14,46.0,0.0,Hot,0,,1100,1,22.2,0.703,high,4,Morning Peak
GR19,Shivaji Park,Green Line,2024-05-22 11:00:00,11,2,0,208,7,44.3,0.0,Hot,0,,945,0,29.7,0.94,high,5,Mid Morning
GR19,Shivaji Park,Green Line,2024-05-22 12:00:00,12,2,0,186,7,43.8,0.0,Hot,0,,705,0,26.6,0.842,high,5,Mid Morning
GR19,Shivaji Park,Green Line,2024-05-22 13:00:00,13,2,0,180,7,42.2,0.0,Hot,0,,574,0,25.7,0.813,high,5,Mid Morning
GR19,Shivaji Park,Green Line,2024-05-22 14:00:00,14,2,0,178,7,38.6,0.0,Clear,0,,544,0,25.4,0.804,high,5,Afternoon
GR19,Shivaji Park,Green Line,2024-05-22 15:00:00,15,2,0,187,7,38.1,0.0,Clear,0,,545,0,26.7,0.845,high,5,Afternoon
GR19,Shivaji Park,Green Line,2024-05-22 16:00:00,16,2,0,221,7,36.3,0.0,Clear,0,,586,0,31.6,1.0,high,5,Afternoon
GR19,Shivaji Park,Green Line,2024-05-22 17:00:00,17,2,0,335,13,35.8,0.0,Clear,0,,743,1,25.8,0.816,high,5,Evening Peak
GR19,Shivaji Park,Green Line,2024-05-22 18:00:00,18,2,0,414,13,35.4,0.0,Clear,0,,970,1,31.8,1.0,high,5,Evening Peak
GR19,Shivaji Park,Green Line,2024-05-22 19:00:00,19,2,0,370,13,35.9,0.0,Clear,0,,1119,1,28.5,0.902,high,5,Evening Peak
GR19,Shivaji Park,Green Line,2024-05-22 20:00:00,20,2,0,258,13,34.8,0.0,Clear,0,,1042,1,19.8,0.627,medium,4,Evening Peak
GR19,Shivaji Park,Green Line,2024-05-22 21:00:00,21,2,0,120,5,34.9,0.0,Clear,0,,748,0,24.0,0.759,high,5,Night
GR19,Shivaji Park,Green Line,2024-05-22 22:00:00,22,2,0,51,5,34.1,0.0,Clear,0,,429,0,10.2,0.323,low,2,Night
GR19,Shivaji Park,Green Line,2024-05-22 23:00:00,23,2,0,17,0,35.6,0.0,Clear,0,,188,0,0.0,0.0,low,1,Night
GR19,Shivaji Park,Green Line,2024-05-23 00:00:00,0,3,0,0,0,36.0,0.0,Clear,1,Buddha Purnima,68,0,0.0,0.0,low,1,Night
GR19,Shivaji Park,Green Line,2024-05-23 01:00:00,1,3,0,0,0,38.2,0.0,Clear,1,Buddha Purnima,17,0,0.0,0.0,low,1,Night
GR19,Shivaji Park,Green Line,2024-05-23 02:00:00,2,3,0,0,0,40.4,0.0,Hot,1,Buddha Purnima,0,0,0.0,0.0,low,1,Night
GR19,Shivaji Park,Green Line,2024-05-23 03:00:00,3,3,0,0,0,37.5,0.0,Clear,1,Buddha Purnima,0,0,0.0,0.0,low,1,Night
GR19,Shivaji Park,Green Line,2024-05-23 04:00:00,4,3,0,0,0,39.3,0.0,Clear,1,Buddha Purnima,0,0,0.0,0.0,low,1,Night
GR19,Shivaji Park,Green Line,2024-05-23 05:00:00,5,3,0,0,0,36.2,0.0,Clear,1,Buddha Purnima,0,0,0.0,0.0,low,1,Night
GR19,Shivaji Park,Green Line,2024-05-23 06:00:00,6,3,0,37,4,39.9,0.0,Clear,1,Buddha Purnima,37,0,9.2,0.291,low,2,Night
GR19,Shivaji Park,Green Line,2024-05-23 07:00:00,7,3,0,143,6,43.0,0.0,Hot,1,Buddha Purnima,180,0,23.8,0.753,high,5,Night
GR19,Shivaji Park,Green Line,2024-05-23 08:00:00,8,3,0,455,14,44.4,0.0,Hot,1,Buddha Purnima,635,1,32.5,1.0,high,5,Morning Peak
GR19,Shivaji Park,Green Line,2024-05-23 09:00:00,9,3,0,539,14,46.0,0.0,Hot,1,Buddha Purnima,1137,1,38.5,1.0,high,5,Morning Peak
GR19,Shivaji Park,Green Line,2024-05-23 10:00:00,10,3,0,325,14,46.0,0.0,Hot,1,Buddha Purnima,1319,1,23.2,0.734,high,4,Morning Peak
GR19,Shivaji Park,Green Line,2024-05-23 11:00:00,11,3,0,237,7,43.6,0.0,Hot,1,Buddha Purnima,1101,0,33.9,1.0,high,5,Mid Morning
GR19,Shivaji Park,Green Line,2024-05-23 12:00:00,12,3,0,232,7,42.8,0.0,Hot,1,Buddha Purnima,794,0,33.1,1.0,high,5,Mid Morning
GR19,Shivaji Park,Green Line,2024-05-23 13:00:00,13,3,0,199,7,41.7,0.0,Hot,1,Buddha Purnima,668,0,28.4,0.899,high,5,Mid Morning
GR19,Shivaji Park,Green Line,2024-05-23 14:00:00,14,3,0,202,7,39.9,0.0,Cloudy,1,Buddha Purnima,633,0,28.9,0.915,high,5,Afternoon
GR19,Shivaji Park,Green Line,2024-05-23 15:00:00,15,3,0,225,7,38.4,0.0,Clear,1,Buddha Purnima,626,0,32.1,1.0,high,5,Afternoon
GR19,Shivaji Park,Green Line,2024-05-23 16:00:00,16,3,0,252,7,35.7,0.0,Dusty,1,Buddha Purnima,679,0,36.0,1.0,high,5,Afternoon
GR19,Shivaji Park,Green Line,2024-05-23 17:00:00,17,3,0,435,13,35.3,0.0,Clear,1,Buddha Purnima,912,1,33.5,1.0,high,5,Evening Peak
GR19,Shivaji Park,Green Line,2024-05-23 18:00:00,18,3,0,441,13,36.5,0.0,Clear,1,Buddha Purnima,1128,1,33.9,1.0,high,5,Evening Peak
GR19,Shivaji Park,Green Line,2024-05-23 19:00:00,19,3,0,453,13,36.7,0.0,Clear,1,Buddha Purnima,1329,1,34.8,1.0,high,5,Evening Peak
GR19,Shivaji Park,Green Line,2024-05-23 20:00:00,20,3,0,298,13,34.6,0.0,Clear,1,Buddha Purnima,1192,1,22.9,0.725,high,4,Evening Peak
GR19,Shivaji Park,Green Line,2024-05-23 21:00:00,21,3,0,134,5,33.7,0.0,Clear,1,Buddha Purnima,885,0,26.8,0.848,high,5,Night
GR19,Shivaji Park,Green Line,2024-05-23 22:00:00,22,3,0,66,5,34.2,0.0,Clear,1,Buddha Purnima,498,0,13.2,0.418,medium,3,Night
GR19,Shivaji Park,Green Line,2024-05-23 23:00:00,23,3,0,19,0,33.6,0.0,Clear,1,Buddha Purnima,219,0,0.0,0.0,low,1,Night
GR19,Shivaji Park,Green Line,2024-05-24 00:00:00,0,4,0,0,0,37.9,0.0,Clear,0,,85,0,0.0,0.0,low,1,Night
GR19,Shivaji Park,Green Line,2024-05-24 01:00:00,1,4,0,0,0,37.9,0.0,Clear,0,,19,0,0.0,0.0,low,1,Night
GR19,Shivaji Park,Green Line,2024-05-24 02:00:00,2,4,0,0,0,38.1,0.0,Clear,0,,0,0,0.0,0.0,low,1,Night
GR19,Shivaji Park,Green Line,2024-05-24 03:00:00,3,4,0,0,0,39.4,0.0,Clear,0,,0,0,0.0,0.0,low,1,Night
GR19,Shivaji Park,Green Line,2024-05-24 04:00:00,4,4,0,0,0,39.0,0.0,Clear,0,,0,0,0.0,0.0,low,1,Night
GR19,Shivaji Park,Green Line,2024-05-24 05:00:00,5,4,0,0,0,35.5,0.0,Clear,0,,0,0,0.0,0.0,low,1,Night
GR19,Shivaji Park,Green Line,2024-05-24 06:00:00,6,4,0,33,4,40.9,0.0,Hot,0,,33,0,8.2,0.259,low,2,Night
GR19,Shivaji Park,Green Line,2024-05-24 07:00:00,7,4,0,112,6,42.3,0.0,Hot,0,,145,0,18.7,0.592,medium,4,Night
GR19,Shivaji Park,Green Line,2024-05-24 08:00:00,8,4,0,349,14,44.5,0.0,Hot,0,,494,1,24.9,0.788,high,5,Morning Peak
GR19,Shivaji Park,Green Line,2024-05-24 09:00:00,9,4,0,443,14,46.0,0.0,Hot,0,,904,1,31.6,1.0,high,5,Morning Peak
GR19,Shivaji Park,Green Line,2024-05-24 10:00:00,10,4,0,300,14,46.0,0.0,Hot,0,,1092,1,21.4,0.677,high,4,Morning Peak
GR19,Shivaji Park,Green Line,2024-05-24 11:00:00,11,4,0,211,7,44.1,0.0,Hot,0,,954,0,30.1,0.953,high,5,Mid Morning
GR19,Shivaji Park,Green Line,2024-05-24 12:00:00,12,4,0,196,7,43.3,0.0,Hot,0,,707,0,28.0,0.886,high,5,Mid Morning
GR19,Shivaji Park,Green Line,2024-05-24 13:00:00,13,4,0,187,7,40.6,0.0,Hot,0,,594,0,26.7,0.845,high,5,Mid Morning
GR19,Shivaji Park,Green Line,2024-05-24 14:00:00,14,4,0,159,7,40.3,0.0,Hot,0,,542,0,22.7,0.718,high,4,Afternoon
GR19,Shivaji Park,Green Line,2024-05-24 15:00:00,15,4,0,189,7,38.0,0.0,Clear,0,,535,0,27.0,0.854,high,5,Afternoon
GR19,Shivaji Park,Green Line,2024-05-24 16:00:00,16,4,0,223,7,37.2,0.0,Cloudy,0,,571,0,31.9,1.0,high,5,Afternoon
GR19,Shivaji Park,Green Line,2024-05-24 17:00:00,17,4,0,355,13,35.9,0.0,Cloudy,0,,767,1,27.3,0.864,high,5,Evening Peak
GR19,Shivaji Park,Green Line,2024-05-24 18:00:00,18,4,0,427,13,37.1,0.0,Cloudy,0,,1005,1,32.8,1.0,high,5,Evening Peak
GR19,Shivaji Park,Green Line,2024-05-24 19:00:00,19,4,0,384,13,35.4,0.0,Clear,0,,1166,1,29.5,0.934,high,5,Evening Peak
GR19,Shivaji Park,Green Line,2024-05-24 20:00:00,20,4,0,251,13,35.7,0.0,Clear,0,,1062,1,19.3,0.611,medium,4,Evening Peak
GR19,Shivaji Park,Green Line,2024-05-24 21:00:00,21,4,0,121,5,34.8,0.0,Clear,0,,756,0,24.2,0.766,high,5,Night
GR19,Shivaji Park,Green Line,2024-05-24 22:00:00,22,4,0,49,5,36.9,0.0,Clear,0,,421,0,9.8,0.31,low,2,Night
GR19,Shivaji Park,Green Line,2024-05-24 23:00:00,23,4,0,17,0,35.6,0.0,Clear,0,,187,0,0.0,0.0,low,1,Night
GR19,Shivaji Park,Green Line,2024-05-25 00:00:00,0,5,1,0,0,36.6,0.0,Clear,0,,66,0,0.0,0.0,low,1,Night
GR19,Shivaji Park,Green Line,2024-05-25 01:00:00,1,5,1,0,0,36.3,0.0,Clear,0,,17,0,0.0,0.0,low,1,Night
GR19,Shivaji Park,Green Line,2024-05-25 02:00:00,2,5,1,0,0,39.8,0.0,Clear,0,,0,0,0.0,0.0,low,1,Night
GR19,Shivaji Park,Green Line,2024-05-25 03:00:00,3,5,1,0,0,39.7,0.0,Clear,0,,0,0,0.0,0.0,low,1,Night
GR19,Shivaji Park,Green Line,2024-05-25 04:00:00,4,5,1,0,0,38.7,0.0,Clear,0,,0,0,0.0,0.0,low,1,Night
GR19,Shivaji Park,Green Line,2024-05-25 05:00:00,5,5,1,0,0,37.3,0.0,Cloudy,0,,0,0,0.0,0.0,low,1,Night
GR19,Shivaji Park,Green Line,2024-05-25 06:00:00,6,5,1,23,4,40.6,0.0,Hot,0,,23,0,5.8,0.184,low,2,Night
GR19,Shivaji Park,Green Line,2024-05-25 07:00:00,7,5,1,86,6,42.9,0.0,Hot,0,,109,0,14.3,0.453,medium,3,Night
GR19,Shivaji Park,Green Line,2024-05-25 08:00:00,8,5,1,277,14,45.0,0.0,Hot,0,,386,1,19.8,0.627,medium,4,Morning Peak
GR19,Shivaji Park,Green Line,2024-05-25 09:00:00,9,5,1,322,14,45.2,0.0,Hot,0,,685,1,23.0,0.728,high,4,Morning Peak
GR19,Shivaji Park,Green Line,2024-05-25 10:00:00,10,5,1,198,14,44.1,0.0,Hot,0,,797,1,14.1,0.446,medium,3,Morning Peak
GR19,Shivaji Park,Green Line,2024-05-25 11:00:00,11,5,1,142,7,44.9,0.0,Hot,0,,662,0,20.3,0.642,medium,4,Mid Morning
GR19,Shivaji Park,Green Line,2024-05-25 12:00:00,12,5,1,147,7,44.4,0.0,Hot,0,,487,0,21.0,0.665,high,4,Mid Morning
GR19,Shivaji Park,Green Line,2024-05-25 13:00:00,13,5,1,126,7,41.4,0.0,Hot,0,,415,0,18.0,0.57,medium,4,Mid Morning
GR19,Shivaji Park,Green Line,2024-05-25 14:00:00,14,5,1,118,7,40.7,0.0,Hot,0,,391,0,16.9,0.535,medium,3,Afternoon
GR19,Shivaji Park,Green Line,2024-05-25 15:00:00,15,5,1,132,7,37.8,0.0,Clear,0,,376,0,18.9,0.598,medium,4,Afternoon
GR19,Shivaji Park,Green Line,2024-05-25 16:00:00,16,5,1,163,7,37.3,0.0,Clear,0,,413,0,23.3,0.737,high,4,Afternoon
GR19,Shivaji Park,Green Line,2024-05-25 17:00:00,17,5,1,266,13,36.9,0.0,Clear,0,,561,1,20.5,0.649,medium,4,Evening Peak
GR19,Shivaji Park,Green Line,2024-05-25 18:00:00,18,5,1,285,13,34.4,0.0,Clear,0,,714,1,21.9,0.693,high,4,Evening Peak
GR19,Shivaji Park,Green Line,2024-05-25 19:00:00,19,5,1,255,13,35.9,0.0,Clear,0,,806,1,19.6,0.62,medium,4,Evening Peak
GR19,Shivaji Park,Green Line,2024-05-25 20:00:00,20,5,1,198,13,34.8,0.0,Clear,0,,738,1,15.2,0.481,medium,3,Evening Peak
GR19,Shivaji Park,Green Line,2024-05-25 21:00:00,21,5,1,81,5,35.8,0.0,Clear,0,,534,0,16.2,0.513,medium,3,Night
GR19,Shivaji Park,Green Line,2024-05-25 22:00:00,22,5,1,39,5,34.7,0.0,Clear,0,,318,0,7.8,0.247,low,2,Night
GR19,Shivaji Park,Green Line,2024-05-25 23:00:00,23,5,1,12,0,35.8,0.0,Clear,0,,132,0,0.0,0.0,low,1,Night
GR19,Shivaji Park,Green Line,2024-05-26 00:00:00,0,6,1,0,0,37.8,0.0,Clear,0,,51,0,0.0,0.0,low,1,Night
GR19,Shivaji Park,Green Line,2024-05-26 01:00:00,1,6,1,0,0,37.8,0.0,Clear,0,,12,0,0.0,0.0,low,1,Night
GR19,Shivaji Park,Green Line,2024-05-26 02:00:00,2,6,1,0,0,38.3,0.0,Clear,0,,0,0,0.0,0.0,low,1,Night
GR19,Shivaji Park,Green Line,2024-05-26 03:00:00,3,6,1,0,0,38.3,0.0,Clear,0,,0,0,0.0,0.0,low,1,Night
GR19,Shivaji Park,Green Line,2024-05-26 04:00:00,4,6,1,0,0,40.1,0.0,Hot,0,,0,0,0.0,0.0,low,1,Night
GR19,Shivaji Park,Green Line,2024-05-26 05:00:00,5,6,1,0,0,37.8,0.0,Cloudy,0,,0,0,0.0,0.0,low,1,Night
GR19,Shivaji Park,Green Line,2024-05-26 06:00:00,6,6,1,24,4,39.0,0.0,Clear,0,,24,0,6.0,0.19,low,2,Night
GR19,Shivaji Park,Green Line,2024-05-26 07:00:00,7,6,1,83,6,41.9,0.0,Hot,0,,107,0,13.8,0.437,medium,3,Night
GR19,Shivaji Park,Green Line,2024-05-26 08:00:00,8,6,1,268,14,44.1,0.0,Hot,0,,375,1,19.1,0.604,medium,4,Morning Peak
GR19,Shivaji Park,Green Line,2024-05-26 09:00:00,9,6,1,292,14,46.0,0.0,Hot,0,,643,1,20.9,0.661,high,4,Morning Peak
GR19,Shivaji Park,Green Line,2024-05-26 10:00:00,10,6,1,205,14,46.0,0.0,Hot,0,,765,1,14.6,0.462,medium,3,Morning Peak
GR19,Shivaji Park,Green Line,2024-05-26 11:00:00,11,6,1,150,7,45.8,0.0,Hot,0,,647,0,21.4,0.677,high,4,Mid Morning
GR19,Shivaji Park,Green Line,2024-05-26 12:00:00,12,6,1,149,7,44.3,0.0,Hot,0,,504,0,21.3,0.674,high,4,Mid Morning
GR19,Shivaji Park,Green Line,2024-05-26 13:00:00,13,6,1,127,7,42.9,0.0,Hot,0,,426,0,18.1,0.573,medium,4,Mid Morning
GR19,Shivaji Park,Green Line,2024-05-26 14:00:00,14,6,1,112,7,38.8,0.0,Clear,0,,388,0,16.0,0.506,medium,3,Afternoon
GR19,Shivaji Park,Green Line,2024-05-26 15:00:00,15,6,1,131,7,36.9,0.0,Clear,0,,370,0,18.7,0.592,medium,4,Afternoon
GR19,Shivaji Park,Green Line,2024-05-26 16:00:00,16,6,1,147,7,38.0,0.0,Cloudy,0,,390,0,21.0,0.665,high,4,Afternoon
GR19,Shivaji Park,Green Line,2024-05-26 17:00:00,17,6,1,265,13,35.1,0.0,Clear,0,,543,1,20.4,0.646,medium,4,Evening Peak
GR19,Shivaji Park,Green Line,2024-05-26 18:00:00,18,6,1,280,13,36.1,0.0,Clear,0,,692,1,21.5,0.68,high,4,Evening Peak
GR19,Shivaji Park,Green Line,2024-05-26 19:00:00,19,6,1,270,13,35.4,0.0,Clear,0,,815,1,20.8,0.658,high,4,Evening Peak
GR19,Shivaji Park,Green Line,2024-05-26 20:00:00,20,6,1,204,13,36.0,0.0,Cloudy,0,,754,1,15.7,0.497,medium,3,Evening Peak
GR19,Shivaji Park,Green Line,2024-05-26 21:00:00,21,6,1,88,5,33.4,0.0,Clear,0,,562,0,17.6,0.557,medium,4,Night
GR19,Shivaji Park,Green Line,2024-05-26 22:00:00,22,6,1,40,5,34.3,0.0,Clear,0,,332,0,8.0,0.253,low,2,Night
GR19,Shivaji Park,Green Line,2024-05-26 23:00:00,23,6,1,11,0,35.6,0.0,Clear,0,,139,0,0.0,0.0,low,1,Night
GR19,Shivaji Park,Green Line,2024-05-27 00:00:00,0,0,0,0,0,38.2,0.0,Clear,0,,51,0,0.0,0.0,low,1,Night
GR19,Shivaji Park,Green Line,2024-05-27 01:00:00,1,0,0,0,0,38.2,0.0,Clear,0,,11,0,0.0,0.0,low,1,Night
GR19,Shivaji Park,Green Line,2024-05-27 02:00:00,2,0,0,0,0,40.2,0.0,Hot,0,,0,0,0.0,0.0,low,1,Night
GR19,Shivaji Park,Green Line,2024-05-27 03:00:00,3,0,0,0,0,41.6,0.0,Hot,0,,0,0,0.0,0.0,low,1,Night
GR19,Shivaji Park,Green Line,2024-05-27 04:00:00,4,0,0,0,0,40.6,0.0,Hot,0,,0,0,0.0,0.0,low,1,Night
GR19,Shivaji Park,Green Line,2024-05-27 05:00:00,5,0,0,0,0,38.4,0.0,Clear,0,,0,0,0.0,0.0,low,1,Night
GR19,Shivaji Park,Green Line,2024-05-27 06:00:00,6,0,0,32,4,41.7,0.0,Hot,0,,32,0,8.0,0.253,low,2,Night
GR19,Shivaji Park,Green Line,2024-05-27 07:00:00,7,0,0,113,6,42.3,0.0,Hot,0,,145,0,18.8,0.595,medium,4,Night
GR19,Shivaji Park,Green Line,2024-05-27 08:00:00,8,0,0,348,14,46.0,0.0,Hot,0,,493,1,24.9,0.788,high,5,Morning Peak
GR19,Shivaji Park,Green Line,2024-05-27 09:00:00,9,0,0,436,14,46.0,0.0,Hot,0,,897,1,31.1,0.984,high,5,Morning Peak
GR19,Shivaji Park,Green Line,2024-05-27 10:00:00,10,0,0,304,14,46.0,0.0,Hot,0,,1088,1,21.7,0.687,high,4,Morning Peak
GR19,Shivaji Park,Green Line,2024-05-27 11:00:00,11,0,0,204,7,46.0,0.0,Hot,0,,944,0,29.1,0.921,high,5,Mid Morning
GR19,Shivaji Park,Green Line,2024-05-27 12:00:00,12,0,0,196,7,44.5,1.0,Light Rain,0,,704,0,28.0,0.886,high,5,Mid Morning
GR19,Shivaji Park,Green Line,2024-05-27 13:00:00,13,0,0,164,7,42.7,1.5,Light Rain,0,,564,0,23.4,0.741,high,4,Mid Morning
GR19,Shivaji Park,Green Line,2024-05-27 14:00:00,14,0,0,161,7,40.9,1.1,Light Rain,0,,521,0,23.0,0.728,high,4,Afternoon
GR19,Shivaji Park,Green Line,2024-05-27 15:00:00,15,0,0,183,7,38.5,2.1,Light Rain,0,,508,0,26.1,0.826,high,5,Afternoon
GR19,Shivaji Park,Green Line,2024-05-27 16:00:00,16,0,0,213,7,37.1,0.9,Light Rain,0,,557,0,30.4,0.962,high,5,Afternoon
GR19,Shivaji Park,Green Line,2024-05-27 17:00:00,17,0,0,303,13,37.0,1.0,Light Rain,0,,699,1,23.3,0.737,high,4,Evening Peak
GR19,Shivaji Park,Green Line,2024-05-27 18:00:00,18,0,0,381,13,36.6,1.5,Light Rain,0,,897,1,29.3,0.927,high,5,Evening Peak
GR19,Shivaji Park,Green Line,2024-05-27 19:00:00,19,0,0,346,13,36.4,1.7,Light Rain,0,,1030,1,26.6,0.842,high,5,Evening Peak
GR19,Shivaji Park,Green Line,2024-05-27 20:00:00,20,0,0,272,13,36.2,1.1,Light Rain,0,,999,1,20.9,0.661,high,4,Evening Peak
GR19,Shivaji Park,Green Line,2024-05-27 21:00:00,21,0,0,126,5,35.5,0.0,Clear,0,,744,0,25.2,0.797,high,5,Night
GR19,Shivaji Park,Green Line,2024-05-27 22:00:00,22,0,0,56,5,36.9,0.0,Clear,0,,454,0,11.2,0.354,medium,3,Night
GR19,Shivaji Park,Green Line,2024-05-27 23:00:00,23,0,0,15,0,35.3,0.0,Clear,0,,197,0,0.0,0.0,low,1,Night
GR19,Shivaji Park,Green Line,2024-05-28 00:00:00,0,1,0,0,0,38.0,0.0,Cloudy,0,,71,0,0.0,0.0,low,1,Night
GR19,Shivaji Park,Green Line,2024-05-28 01:00:00,1,1,0,0,0,39.5,0.0,Clear,0,,15,0,0.0,0.0,low,1,Night
GR19,Shivaji Park,Green Line,2024-05-28 02:00:00,2,1,0,0,0,38.9,0.0,Clear,0,,0,0,0.0,0.0,low,1,Night
GR19,Shivaji Park,Green Line,2024-05-28 03:00:00,3,1,0,0,0,39.8,0.0,Clear,0,,0,0,0.0,0.0,low,1,Night
GR19,Shivaji Park,Green Line,2024-05-28 04:00:00,4,1,0,0,0,40.5,0.0,Hot,0,,0,0,0.0,0.0,low,1,Night
GR19,Shivaji Park,Green Line,2024-05-28 05:00:00,5,1,0,0,0,38.2,0.0,Clear,0,,0,0,0.0,0.0,low,1,Night
GR19,Shivaji Park,Green Line,2024-05-28 06:00:00,6,1,0,32,4,40.1,0.0,Hot,0,,32,0,8.0,0.253,low,2,Night
GR19,Shivaji Park,Green Line,2024-05-28 07:00:00,7,1,0,123,6,42.8,0.0,Hot,0,,155,0,20.5,0.649,medium,4,Night
GR19,Shivaji Park,Green Line,2024-05-28 08:00:00,8,1,0,378,14,44.9,0.0,Hot,0,,533,1,27.0,0.854,high,5,Morning Peak
GR19,Shivaji Park,Green Line,2024-05-28 09:00:00,9,1,0,403,14,46.0,0.0,Hot,0,,904,1,28.8,0.911,high,5,Morning Peak
GR19,Shivaji Park,Green Line,2024-05-28 10:00:00,10,1,0,287,14,46.0,0.0,Hot,0,,1068,1,20.5,0.649,medium,4,Morning Peak
GR19,Shivaji Park,Green Line,2024-05-28 11:00:00,11,1,0,194,7,46.0,0.0,Hot,0,,884,0,27.7,0.877,high,5,Mid Morning
GR19,Shivaji Park,Green Line,2024-05-28 12:00:00,12,1,0,184,7,44.0,0.5,Light Rain,0,,665,0,26.3,0.832,high,5,Mid Morning
GR19,Shivaji Park,Green Line,2024-05-28 13:00:00,13,1,0,180,7,44.1,1.1,Light Rain,0,,558,0,25.7,0.813,high,5,Mid Morning
GR19,Shivaji Park,Green Line,2024-05-28 14:00:00,14,1,0,163,7,40.9,1.0,Light Rain,0,,527,0,23.3,0.737,high,4,Afternoon
GR19,Shivaji Park,Green Line,2024-05-28 15:00:00,15,1,0,184,7,38.8,0.5,Light Rain,0,,527,0,26.3,0.832,high,5,Afternoon
GR19,Shivaji Park,Green Line,2024-05-28 16:00:00,16,1,0,198,7,37.8,0.5,Light Rain,0,,545,0,28.3,0.896,high,5,Afternoon
GR19,Shivaji Park,Green Line,2024-05-28 17:00:00,17,1,0,329,13,37.8,0.4,Light Rain,0,,711,1,25.3,0.801,high,5,Evening Peak
GR19,Shivaji Park,Green Line,2024-05-28 18:00:00,18,1,0,361,13,36.2,1.1,Light Rain,0,,888,1,27.8,0.88,high,5,Evening Peak
GR19,Shivaji Park,Green Line,2024-05-28 19:00:00,19,1,0,336,13,36.5,1.2,Light Rain,0,,1026,1,25.8,0.816,high,5,Evening Peak
GR19,Shivaji Park,Green Line,2024-05-28 20:00:00,20,1,0,265,13,36.7,0.5,Light Rain,0,,962,1,20.4,0.646,medium,4,Evening Peak
GR19,Shivaji Park,Green Line,2024-05-28 21:00:00,21,1,0,124,5,34.6,0.0,Clear,0,,725,0,24.8,0.785,high,5,Night
GR19,Shivaji Park,Green Line,2024-05-28 22:00:00,22,1,0,52,5,35.0,0.0,Clear,0,,441,0,10.4,0.329,low,2,Night
GR19,Shivaji Park,Green Line,2024-05-28 23:00:00,23,1,0,15,0,36.1,0.0,Clear,0,,191,0,0.0,0.0,low,1,Night
GR19,Shivaji Park,Green Line,2024-05-29 00:00:00,0,2,0,0,0,37.8,0.0,Clear,0,,67,0,0.0,0.0,low,1,Night
GR19,Shivaji Park,Green Line,2024-05-29 01:00:00,1,2,0,0,0,39.8,0.0,Clear,0,,15,0,0.0,0.0,low,1,Night
GR19,Shivaji Park,Green Line,2024-05-29 02:00:00,2,2,0,0,0,37.2,0.0,Clear,0,,0,0,0.0,0.0,low,1,Night
GR19,Shivaji Park,Green Line,2024-05-29 03:00:00,3,2,0,0,0,40.6,0.0,Hot,0,,0,0,0.0,0.0,low,1,Night
GR19,Shivaji Park,Green Line,2024-05-29 04:00:00,4,2,0,0,0,41.4,0.0,Hot,0,,0,0,0.0,0.0,low,1,Night
GR19,Shivaji Park,Green Line,2024-05-29 05:00:00,5,2,0,0,0,38.4,0.0,Clear,0,,0,0,0.0,0.0,low,1,Night
GR19,Shivaji Park,Green Line,2024-05-29 06:00:00,6,2,0,30,4,40.1,0.0,Hot,0,,30,0,7.5,0.237,low,2,Night
GR19,Shivaji Park,Green Line,2024-05-29 07:00:00,7,2,0,120,6,44.0,0.0,Hot,0,,150,0,20.0,0.633,medium,4,Night
GR19,Shivaji Park,Green Line,2024-05-29 08:00:00,8,2,0,383,14,44.7,0.0,Hot,0,,533,1,27.4,0.867,high,5,Morning Peak
GR19,Shivaji Park,Green Line,2024-05-29 09:00:00,9,2,0,417,14,46.0,0.0,Hot,0,,920,1,29.8,0.943,high,5,Morning Peak
GR19,Shivaji Park,Green Line,2024-05-29 10:00:00,10,2,0,276,14,46.0,0.0,Hot,0,,1076,1,19.7,0.623,medium,4,Morning Peak
GR19,Shivaji Park,Green Line,2024-05-29 11:00:00,11,2,0,196,7,46.0,0.0,Hot,0,,889,0,28.0,0.886,high,5,Mid Morning
GR19,Shivaji Park,Green Line,2024-05-29 12:00:00,12,2,0,215,7,45.0,0.0,Hot,0,,687,0,30.7,0.972,high,5,Mid Morning
GR19,Shivaji Park,Green Line,2024-05-29 13:00:00,13,2,0,193,7,42.6,0.0,Hot,0,,604,0,27.6,0.873,high,5,Mid Morning
GR19,Shivaji Park,Green Line,2024-05-29 14:00:00,14,2,0,173,7,41.4,0.0,Hot,0,,581,0,24.7,0.782,high,5,Afternoon
GR19,Shivaji Park,Green Line,2024-05-29 15:00:00,15,2,0,190,7,39.9,0.0,Clear,0,,556,0,27.1,0.858,high,5,Afternoon
GR19,Shivaji Park,Green Line,2024-05-29 16:00:00,16,2,0,210,7,37.8,0.0,Clear,0,,573,0,30.0,0.949,high,5,Afternoon
GR19,Shivaji Park,Green Line,2024-05-29 17:00:00,17,2,0,332,13,37.5,0.0,Clear,0,,732,1,25.5,0.807,high,5,Evening Peak
GR19,Shivaji Park,Green Line,2024-05-29 18:00:00,18,2,0,394,13,36.1,0.0,Clear,0,,936,1,30.3,0.959,high,5,Evening Peak
GR19,Shivaji Park,Green Line,2024-05-29 19:00:00,19,2,0,386,13,36.7,0.0,Clear,0,,1112,1,29.7,0.94,high,5,Evening Peak
GR19,Shivaji Park,Green Line,2024-05-29 20:00:00,20,2,0,260,13,36.1,0.0,Clear,0,,1040,1,20.0,0.633,medium,4,Evening Peak
GR19,Shivaji Park,Green Line,2024-05-29 21:00:00,21,2,0,117,5,36.4,0.0,Clear,0,,763,0,23.4,0.741,high,4,Night
GR19,Shivaji Park,Green Line,2024-05-29 22:00:00,22,2,0,49,5,35.9,0.0,Clear,0,,426,0,9.8,0.31,low,2,Night
GR19,Shivaji Park,Green Line,2024-05-29 23:00:00,23,2,0,15,0,36.6,0.0,Clear,0,,181,0,0.0,0.0,low,1,Night
GR19,Shivaji Park,Green Line,2024-05-30 00:00:00,0,3,0,0,0,38.4,0.0,Clear,0,,64,0,0.0,0.0,low,1,Night
GR19,Shivaji Park,Green Line,2024-05-30 01:00:00,1,3,0,0,0,38.1,0.0,Clear,0,,15,0,0.0,0.0,low,1,Night
GR19,Shivaji Park,Green Line,2024-05-30 02:00:00,2,3,0,0,0,40.3,0.0,Hot,0,,0,0,0.0,0.0,low,1,Night
GR19,Shivaji Park,Green Line,2024-05-30 03:00:00,3,3,0,0,0,39.2,0.0,Clear,0,,0,0,0.0,0.0,low,1,Night
GR19,Shivaji Park,Green Line,2024-05-30 04:00:00,4,3,0,0,0,40.7,0.0,Hot,0,,0,0,0.0,0.0,low,1,Night
GR19,Shivaji Park,Green Line,2024-05-30 05:00:00,5,3,0,0,0,40.0,0.0,Clear,0,,0,0,0.0,0.0,low,1,Night
GR19,Shivaji Park,Green Line,2024-05-30 06:00:00,6,3,0,33,4,42.1,0.0,Hot,0,,33,0,8.2,0.259,low,2,Night
GR19,Shivaji Park,Green Line,2024-05-30 07:00:00,7,3,0,127,6,43.0,0.0,Hot,0,,160,0,21.2,0.671,high,4,Night
GR19,Shivaji Park,Green Line,2024-05-30 08:00:00,8,3,0,391,14,46.0,0.0,Hot,0,,551,1,27.9,0.883,high,5,Morning Peak
GR19,Shivaji Park,Green Line,2024-05-30 09:00:00,9,3,0,464,14,46.0,0.0,Hot,0,,982,1,33.1,1.0,high,5,Morning Peak
GR19,Shivaji Park,Green Line,2024-05-30 10:00:00,10,3,0,310,14,45.8,0.0,Hot,0,,1165,1,22.1,0.699,high,4,Morning Peak
GR19,Shivaji Park,Green Line,2024-05-30 11:00:00,11,3,0,198,7,46.0,0.0,Hot,0,,972,0,28.3,0.896,high,5,Mid Morning
GR19,Shivaji Park,Green Line,2024-05-30 12:00:00,12,3,0,206,7,46.0,0.0,Hot,0,,714,0,29.4,0.93,high,5,Mid Morning
GR19,Shivaji Park,Green Line,2024-05-30 13:00:00,13,3,0,177,7,42.4,0.0,Hot,0,,581,0,25.3,0.801,high,5,Mid Morning
GR19,Shivaji Park,Green Line,2024-05-30 14:00:00,14,3,0,179,7,41.1,0.0,Hot,0,,562,0,25.6,0.81,high,5,Afternoon
GR19,Shivaji Park,Green Line,2024-05-30 15:00:00,15,3,0,176,7,39.0,0.0,Clear,0,,532,0,25.1,0.794,high,5,Afternoon
GR19,Shivaji Park,Green Line,2024-05-30 16:00:00,16,3,0,206,7,37.3,0.0,Clear,0,,561,0,29.4,0.93,high,5,Afternoon
GR19,Shivaji Park,Green Line,2024-05-30 17:00:00,17,3,0,319,13,36.4,0.0,Clear,0,,701,1,24.5,0.775,high,5,Evening Peak
GR19,Shivaji Park,Green Line,2024-05-30 18:00:00,18,3,0,408,13,37.6,0.0,Clear,0,,933,1,31.4,0.994,high,5,Evening Peak
GR19,Shivaji Park,Green Line,2024-05-30 19:00:00,19,3,0,381,13,35.9,0.0,Clear,0,,1108,1,29.3,0.927,high,5,Evening Peak
GR19,Shivaji Park,Green Line,2024-05-30 20:00:00,20,3,0,259,13,36.0,0.0,Clear,0,,1048,1,19.9,0.63,medium,4,Evening Peak
GR19,Shivaji Park,Green Line,2024-05-30 21:00:00,21,3,0,121,5,37.0,0.0,Clear,0,,761,0,24.2,0.766,high,5,Night
GR19,Shivaji Park,Green Line,2024-05-30 22:00:00,22,3,0,49,5,36.1,0.0,Clear,0,,429,0,9.8,0.31,low,2,Night
GR19,Shivaji Park,Green Line,2024-05-30 23:00:00,23,3,0,15,0,36.1,0.0,Clear,0,,185,0,0.0,0.0,low,1,Night
GR19,Shivaji Park,Green Line,2024-05-31 00:00:00,0,4,0,0,0,39.8,0.0,Clear,0,,64,0,0.0,0.0,low,1,Night
GR19,Shivaji Park,Green Line,2024-05-31 01:00:00,1,4,0,0,0,41.4,0.0,Hot,0,,15,0,0.0,0.0,low,1,Night
GR19,Shivaji Park,Green Line,2024-05-31 02:00:00,2,4,0,0,0,39.6,0.0,Clear,0,,0,0,0.0,0.0,low,1,Night
GR19,Shivaji Park,Green Line,2024-05-31 03:00:00,3,4,0,0,0,41.2,0.0,Hot,0,,0,0,0.0,0.0,low,1,Night
GR19,Shivaji Park,Green Line,2024-05-31 04:00:00,4,4,0,0,0,41.9,0.0,Hot,0,,0,0,0.0,0.0,low,1,Night
GR19,Shivaji Park,Green Line,2024-05-31 05:00:00,5,4,0,0,0,40.5,0.0,Hot,0,,0,0,0.0,0.0,low,1,Night
GR19,Shivaji Park,Green Line,2024-05-31 06:00:00,6,4,0,32,4,41.4,0.0,Hot,0,,32,0,8.0,0.253,low,2,Night
GR19,Shivaji Park,Green Line,2024-05-31 07:00:00,7,4,0,113,6,44.0,0.0,Hot,0,,145,0,18.8,0.595,medium,4,Night
GR19,Shivaji Park,Green Line,2024-05-31 08:00:00,8,4,0,369,14,46.0,0.0,Hot,0,,514,1,26.4,0.835,high,5,Morning Peak
GR19,Shivaji Park,Green Line,2024-05-31 09:00:00,9,4,0,466,14,46.0,0.0,Hot,0,,948,1,33.3,1.0,high,5,Morning Peak
GR19,Shivaji Park,Green Line,2024-05-31 10:00:00,10,4,0,273,14,46.0,0.0,Hot,0,,1108,1,19.5,0.617,medium,4,Morning Peak
GR19,Shivaji Park,Green Line,2024-05-31 11:00:00,11,4,0,203,7,46.0,0.0,Hot,0,,942,0,29.0,0.918,high,5,Mid Morning
GR19,Shivaji Park,Green Line,2024-05-31 12:00:00,12,4,0,214,7,44.6,0.0,Hot,0,,690,0,30.6,0.968,high,5,Mid Morning
GR19,Shivaji Park,Green Line,2024-05-31 13:00:00,13,4,0,181,7,43.3,0.0,Hot,0,,598,0,25.9,0.82,high,5,Mid Morning
GR19,Shivaji Park,Green Line,2024-05-31 14:00:00,14,4,0,161,7,40.6,0.0,Hot,0,,556,0,23.0,0.728,high,4,Afternoon
GR19,Shivaji Park,Green Line,2024-05-31 15:00:00,15,4,0,190,7,38.9,0.0,Clear,0,,532,0,27.1,0.858,high,5,Afternoon
GR19,Shivaji Park,Green Line,2024-05-31 16:00:00,16,4,0,205,7,39.6,0.0,Clear,0,,556,0,29.3,0.927,high,5,Afternoon
GR19,Shivaji Park,Green Line,2024-05-31 17:00:00,17,4,0,339,13,37.6,0.0,Clear,0,,734,1,26.1,0.826,high,5,Evening Peak
GR19,Shivaji Park,Green Line,2024-05-31 18:00:00,18,4,0,432,13,37.6,0.0,Clear,0,,976,1,33.2,1.0,high,5,Evening Peak
GR19,Shivaji Park,Green Line,2024-05-31 19:00:00,19,4,0,340,13,36.6,0.0,Clear,0,,1111,1,26.2,0.829,high,5,Evening Peak
GR19,Shivaji Park,Green Line,2024-05-31 20:00:00,20,4,0,254,13,36.6,0.0,Clear,0,,1026,1,19.5,0.617,medium,4,Evening Peak
GR19,Shivaji Park,Green Line,2024-05-31 21:00:00,21,4,0,121,5,37.5,0.0,Clear,0,,715,0,24.2,0.766,high,5,Night
GR19,Shivaji Park,Green Line,2024-05-31 22:00:00,22,4,0,55,5,37.2,0.0,Clear,0,,430,0,11.0,0.348,low,2,Night
GR19,Shivaji Park,Green Line,2024-05-31 23:00:00,23,4,0,17,0,37.8,0.0,Clear,0,,193,0,0.0,0.0,low,1,Night
